label,x1,y1,z1,v1,x2,y2,z2,v2,x3,y3,z3,v3,x4,y4,z4,v4,x5,y5,z5,v5,x6,y6,z6,v6,x7,y7,z7,v7,x8,y8,z8,v8,x9,y9,z9,v9,x10,y10,z10,v10,x11,y11,z11,v11,x12,y12,z12,v12,x13,y13,z13,v13,x14,y14,z14,v14,x15,y15,z15,v15,x16,y16,z16,v16,x17,y17,z17,v17,x18,y18,z18,v18,x19,y19,z19,v19,x20,y20,z20,v20,x21,y21,z21,v21,x22,y22,z22,v22,x23,y23,z23,v23,x24,y24,z24,v24,x25,y25,z25,v25,x26,y26,z26,v26,x27,y27,z27,v27,x28,y28,z28,v28,x29,y29,z29,v29,x30,y30,z30,v30,x31,y31,z31,v31,x32,y32,z32,v32,x33,y33,z33,v33
down,0.5189691781997681,0.4230147898197174,-0.5082573294639587,0.999997079372406,0.5260761380195618,0.4021320939064026,-0.49802735447883606,0.9999879598617554,0.5303366780281067,0.40131813287734985,-0.4980320334434509,0.9999871850013733,0.5347341299057007,0.40048739314079285,-0.4981617033481598,0.9999850988388062,0.5084454417228699,0.4016987979412079,-0.49764174222946167,0.9999884963035583,0.5022429823875427,0.4008176028728485,-0.4976441562175751,0.9999876022338867,0.49773910641670227,0.399978905916214,-0.49754589796066284,0.9999836087226868,0.5411758422851562,0.4002191722393036,-0.3889623284339905,0.9999744296073914,0.49080508947372437,0.4016938805580139,-0.3853500485420227,0.9999821186065674,0.5270705223083496,0.4388948082923889,-0.46332114934921265,0.9999967813491821,0.5089240074157715,0.44049015641212463,-0.46203145384788513,0.9999971985816956,0.5761646628379822,0.4776017963886261,-0.2876274883747101,0.9999959468841553,0.4491153061389923,0.49488040804862976,-0.27605482935905457,0.9999381303787231,0.636113166809082,0.5802998542785645,-0.3310824930667877,0.9981619715690613,0.394569456577301,0.6057907938957214,-0.2962183952331543,0.9966560006141663,0.6554544568061829,0.6549258232116699,-0.47983652353286743,0.9961960911750793,0.37040871381759644,0.6972247362136841,-0.4157260060310364,0.9860405921936035,0.6633679866790771,0.6856392025947571,-0.5168057084083557,0.9905842542648315,0.3603156805038452,0.7284109592437744,-0.4446227550506592,0.9681999683380127,0.6466467380523682,0.6775667667388916,-0.537304699420929,0.9911753535270691,0.37470412254333496,0.7266770601272583,-0.47254934906959534,0.9685607552528381,0.6390859484672546,0.667957067489624,-0.48908552527427673,0.988284170627594,0.38116884231567383,0.7181399464607239,-0.42810091376304626,0.9626898169517517,0.546751856803894,0.6403143405914307,0.003063014941290021,0.9998748898506165,0.4775999188423157,0.6431217193603516,-0.003000257071107626,0.9996610283851624,0.6218477487564087,0.6361275315284729,-0.337888240814209,0.9618958830833435,0.40486982464790344,0.6675912737846375,-0.33308112621307373,0.9570803046226501,0.5832661986351013,0.7958358526229858,-0.062052953988313675,0.9444462656974792,0.45781955122947693,0.8030508756637573,-0.05754552409052849,0.9764955639839172,0.5661391615867615,0.8214957118034363,-0.04180009290575981,0.9176039695739746,0.47493618726730347,0.8245077133178711,-0.03637801110744476,0.93177330493927,0.6179333329200745,0.8690820932388306,-0.15402883291244507,0.8944817185401917,0.4389170706272125,0.8731228113174438,-0.14658623933792114,0.9457305669784546
down,0.5170212984085083,0.4239236116409302,-0.39950549602508545,0.999997079372406,0.5248326659202576,0.4017440974712372,-0.39075160026550293,0.9999914169311523,0.5291117429733276,0.40098926424980164,-0.3907460570335388,0.9999911189079285,0.5333328247070312,0.4003671705722809,-0.3908431828022003,0.9999886155128479,0.5067289471626282,0.4017936885356903,-0.39120781421661377,0.9999889731407166,0.5002155303955078,0.40100735425949097,-0.39119476079940796,0.999987006187439,0.49553218483924866,0.40031275153160095,-0.39109793305397034,0.9999788403511047,0.5396000146865845,0.40056002140045166,-0.2956239879131317,0.9999857544898987,0.4882836937904358,0.4006643295288086,-0.29730314016342163,0.9999852180480957,0.5252047777175903,0.43951213359832764,-0.36026161909103394,0.9999983310699463,0.5063996315002441,0.4414530396461487,-0.36052173376083374,0.9999983310699463,0.571841835975647,0.4766773283481598,-0.2188044786453247,0.9999962449073792,0.448866069316864,0.4925503134727478,-0.21377822756767273,0.9999266862869263,0.631055474281311,0.568649172782898,-0.23595206439495087,0.9976832270622253,0.39491719007492065,0.6008850336074829,-0.23749437928199768,0.9936813116073608,0.6595202684402466,0.6411230564117432,-0.35033026337623596,0.995840311050415,0.37003958225250244,0.67706698179245,-0.34996935725212097,0.9789201617240906,0.6711522936820984,0.6745924949645996,-0.37630459666252136,0.9895160794258118,0.36249077320098877,0.7100256681442261,-0.3744674026966095,0.9535664319992065,0.654112696647644,0.669972836971283,-0.3981979489326477,0.9901999831199646,0.3771219551563263,0.7053983211517334,-0.3976031243801117,0.9543732404708862,0.6455934047698975,0.6607445478439331,-0.3590126931667328,0.9875268936157227,0.3824039101600647,0.6943193078041077,-0.3605835437774658,0.9499025940895081,0.5436158180236816,0.6432222723960876,0.00411034794524312,0.9997742176055908,0.47463005781173706,0.6498258113861084,-0.004129360429942608,0.9994231462478638,0.6197878122329712,0.6292795538902283,-0.28804242610931396,0.9711727499961853,0.4056290090084076,0.6736478209495544,-0.29822251200675964,0.9628120064735413,0.5785077214241028,0.7897247076034546,-0.06389165669679642,0.9591003656387329,0.45790401101112366,0.8044431805610657,-0.06524849683046341,0.9823922514915466,0.5633547902107239,0.8164017796516418,-0.04714631289243698,0.9304570555686951,0.4727462828159332,0.8247508406639099,-0.04619020223617554,0.9490953683853149,0.6153502464294434,0.8625912666320801,-0.13868743181228638,0.9134121537208557,0.4410187900066376,0.8749817609786987,-0.14063936471939087,0.9589105844497681
up,0.5120232105255127,0.0028207344003021717,-0.2269701361656189,0.9999733567237854,0.5205934643745422,-0.0208534337580204,-0.21524597704410553,0.9999236464500427,0.5258520841598511,-0.021502375602722168,-0.21529017388820648,0.9999005794525146,0.5312168598175049,-0.022074060514569283,-0.21538130939006805,0.9998955130577087,0.5051694512367249,-0.02183358371257782,-0.21623723208904266,0.9999220967292786,0.5000082850456238,-0.023355701938271523,-0.21624943614006042,0.9999064207077026,0.49486738443374634,-0.02480248734354973,-0.21618624031543732,0.9999163746833801,0.5348476767539978,-0.036183178424835205,-0.06252920627593994,0.9998773336410522,0.4863750636577606,-0.03334512561559677,-0.06893857568502426,0.9998950362205505,0.5171881318092346,0.016267145052552223,-0.16092823445796967,0.9999402761459351,0.5003452897071838,0.013888218440115452,-0.16319797933101654,0.999946653842926,0.5761896371841431,0.04387465864419937,0.07685166597366333,0.9999828338623047,0.44232749938964844,0.04458193853497505,0.05353987589478493,0.9999768137931824,0.623801589012146,0.1346738189458847,0.10776671767234802,0.9808057546615601,0.3842972218990326,0.1397443562746048,-0.0212173443287611,0.9892515540122986,0.6611524820327759,0.157744899392128,-0.04781697690486908,0.9863743782043457,0.3518901765346527,0.14910393953323364,-0.32010456919670105,0.9941235780715942,0.6806861162185669,0.16940318048000336,-0.08204066753387451,0.9708743095397949,0.3366760015487671,0.14628662168979645,-0.37646564841270447,0.9875398874282837,0.673620879650116,0.16212181746959686,-0.1157403439283371,0.9731099605560303,0.3461596965789795,0.13746730983257294,-0.40602123737335205,0.9884529113769531,0.6648265719413757,0.1587640345096588,-0.06553366780281067,0.9679964184761047,0.3538617193698883,0.1403099000453949,-0.34037721157073975,0.985598623752594,0.5474506616592407,0.36099880933761597,-0.0007982162060216069,0.9997789263725281,0.46369582414627075,0.36267659068107605,0.0009450517245568335,0.9997552037239075,0.5616427063941956,0.5901767015457153,-0.023027773946523666,0.9912038445472717,0.45961499214172363,0.5835949778556824,-0.02786272019147873,0.9926334023475647,0.5702410936355591,0.792418360710144,0.18265968561172485,0.9808229804039001,0.46528393030166626,0.7860453128814697,0.18269363045692444,0.989365816116333,0.5602324604988098,0.8204728960990906,0.19532185792922974,0.8882452249526978,0.47333216667175293,0.8090413808822632,0.19542664289474487,0.9045112133026123,0.6017490029335022,0.860785186290741,0.040007177740335464,0.9769768714904785,0.448606938123703,0.8662862777709961,0.04030865803360939,0.9835581183433533
up,0.5120378136634827,-0.00506193470209837,-0.2396831065416336,0.9999746084213257,0.5205583572387695,-0.02863822691142559,-0.2261502891778946,0.9999279379844666,0.5258201956748962,-0.028932008892297745,-0.2262127846479416,0.9999058842658997,0.5311788320541382,-0.029200073331594467,-0.22626657783985138,0.9999010562896729,0.5051226019859314,-0.029949964955449104,-0.22730325162410736,0.999926745891571,0.49993422627449036,-0.03135565668344498,-0.22728221118450165,0.9999120235443115,0.4947671890258789,-0.03269190713763237,-0.2272629290819168,0.9999213218688965,0.5348554253578186,-0.03889276459813118,-0.07591745257377625,0.9998814463615417,0.48589399456977844,-0.037995338439941406,-0.08291967213153839,0.9998995065689087,0.5173209309577942,0.009222122840583324,-0.17623993754386902,0.99994295835495,0.5003558397293091,0.008178502321243286,-0.17867708206176758,0.9999489188194275,0.5768112540245056,0.04428730905056,0.028982125222682953,0.9999825954437256,0.44226929545402527,0.04517592862248421,0.013174890540540218,0.999977171421051,0.6240713596343994,0.1348341405391693,-0.04144474118947983,0.9807091951370239,0.3842954635620117,0.1426437497138977,-0.1376674622297287,0.9890080690383911,0.6612176299095154,0.1578548550605774,-0.3008253872394562,0.98686683177948,0.3519096076488495,0.1516052782535553,-0.5035387277603149,0.9943297505378723,0.6807394027709961,0.16952507197856903,-0.3502143323421478,0.9722814559936523,0.33667805790901184,0.14805415272712708,-0.5697588920593262,0.9881277680397034,0.6735612154006958,0.16259533166885376,-0.3801701068878174,0.9743968844413757,0.34626102447509766,0.13924966752529144,-0.5945102572441101,0.9889869689941406,0.6647804379463196,0.15924115478992462,-0.3192768692970276,0.9694121479988098,0.35401058197021484,0.14256194233894348,-0.5231679677963257,0.9861720204353333,0.5478346943855286,0.36283794045448303,-0.0008708055829629302,0.9997776746749878,0.4637412130832672,0.3630506694316864,0.0009831300703808665,0.9997537136077881,0.56324702501297,0.5921968817710876,-0.014443769119679928,0.9913384914398193,0.4591068625450134,0.5871182084083557,-0.004167210776358843,0.9928002953529358,0.570595920085907,0.7962837219238281,0.17509311437606812,0.9812164902687073,0.46494147181510925,0.786958634853363,0.19627287983894348,0.9894887208938599,0.5607249140739441,0.8228498697280884,0.18529821932315826,0.8868107199668884,0.4730885922908783,0.8090471029281616,0.20888961851596832,0.9042062163352966,0.6035336852073669,0.8691946268081665,0.027743056416511536,0.9776620268821716,0.4483889639377594,0.8680112957954407,0.06041038781404495,0.983940601348877
up,0.5106437802314758,-0.012899717316031456,-0.28767621517181396,0.9999680519104004,0.5198766589164734,-0.03837588429450989,-0.2705499827861786,0.9999109506607056,0.5236197113990784,-0.03501658886671066,-0.27066150307655334,0.9998868107795715,0.5278427600860596,-0.03618861362338066,-0.27075204253196716,0.9998795390129089,0.503869354724884,-0.0347527451813221,-0.27072766423225403,0.9999070763587952,0.49892356991767883,-0.036025840789079666,-0.2707192003726959,0.9998883605003357,0.49393799901008606,-0.03741082176566124,-0.27069079875946045,0.9998966455459595,0.5346887111663818,-0.04043057933449745,-0.11851728707551956,0.9998504519462585,0.4846499264240265,-0.03934095427393913,-0.11885397881269455,0.9998659491539001,0.5172426104545593,0.0003024842881131917,-0.2260374277830124,0.9999380111694336,0.5003464221954346,0.00040168402483686805,-0.2262049913406372,0.9999432563781738,0.5772801637649536,0.04862828180193901,-0.03699437901377678,0.9999803900718689,0.4416065216064453,0.05001073703169823,-0.02034069038927555,0.9999709129333496,0.6269075274467468,0.1385522484779358,-0.19379381835460663,0.9809660315513611,0.3831339180469513,0.15115666389465332,-0.16301368176937103,0.9892863035202026,0.6644413471221924,0.16335251927375793,-0.5521159172058105,0.9871123433113098,0.35069355368614197,0.15689536929130554,-0.5127434730529785,0.994580090045929,0.6814646124839783,0.17319442331790924,-0.6272379755973816,0.9733965992927551,0.3360958397388458,0.15301141142845154,-0.5851899981498718,0.9887274503707886,0.673742949962616,0.16647933423519135,-0.6557692289352417,0.9754626750946045,0.345406174659729,0.14255337417125702,-0.6080925464630127,0.9895600080490112,0.6652940511703491,0.16364970803260803,-0.5739337801933289,0.9708184599876404,0.3526127338409424,0.14573964476585388,-0.5321179032325745,0.9868418574333191,0.5483933687210083,0.36617204546928406,-0.0035114113707095385,0.9997690916061401,0.46374210715293884,0.3647575378417969,0.003538682358339429,0.999744176864624,0.5672154426574707,0.5949931740760803,-0.044763028621673584,0.9907550811767578,0.45659083127975464,0.5918715000152588,-0.02591138519346714,0.9927978515625,0.5704426169395447,0.7957763671875,0.21321268379688263,0.9804118871688843,0.4653511941432953,0.7869812250137329,0.22793294489383698,0.9894284605979919,0.5592333674430847,0.8201249241828918,0.23139549791812897,0.880352795124054,0.4748843014240265,0.8075142502784729,0.24627721309661865,0.9036715030670166,0.6035636067390442,0.8701148629188538,0.07494747638702393,0.9770241975784302,0.4482700824737549,0.8699235916137695,0.09757266938686371,0.9838393330574036
up,0.5097848176956177,-0.014531462453305721,-0.29028961062431335,0.9999602437019348,0.5175347328186035,-0.03662216290831566,-0.2717684209346771,0.999890923500061,0.5220217108726501,-0.03477226570248604,-0.27188369631767273,0.9998661279678345,0.5266286730766296,-0.03553448244929314,-0.2719799876213074,0.9998593926429749,0.503104031085968,-0.0358644537627697,-0.2734261155128479,0.9998809099197388,0.49841225147247314,-0.03766952082514763,-0.27342671155929565,0.999854564666748,0.4936794936656952,-0.03970913216471672,-0.2733971178531647,0.9998618364334106,0.5344066619873047,-0.03994311764836311,-0.1234235092997551,0.9998207688331604,0.4841204881668091,-0.04052990302443504,-0.12988586723804474,0.9998167157173157,0.5170889496803284,-5.2824623708147556e-05,-0.23090799152851105,0.9999309778213501,0.5003311634063721,-0.0004923291271552444,-0.23275072872638702,0.999933123588562,0.5772228240966797,0.05578497052192688,-0.05659674108028412,0.9999781847000122,0.4398183524608612,0.06017770990729332,-0.04053366929292679,0.9999534487724304,0.6275003552436829,0.14409896731376648,-0.2064647674560547,0.9814027547836304,0.3841867744922638,0.15692970156669617,-0.1791239082813263,0.989071786403656,0.6652456521987915,0.17153219878673553,-0.5346491932868958,0.9873371720314026,0.3503902852535248,0.16871808469295502,-0.49772199988365173,0.9942370653152466,0.682348906993866,0.1814294457435608,-0.6030968427658081,0.9743555188179016,0.3361136019229889,0.1655363291501999,-0.5644702315330505,0.9881347417831421,0.6748027205467224,0.1751367300748825,-0.6276519298553467,0.9764323234558105,0.3447877764701843,0.15458549559116364,-0.5853656530380249,0.9890726804733276,0.6666730046272278,0.17283889651298523,-0.5544205904006958,0.972188413143158,0.35139307379722595,0.1576841026544571,-0.5161002278327942,0.9863313436508179,0.5485243201255798,0.3703082799911499,-0.005869050044566393,0.9997534155845642,0.4637652635574341,0.3698115944862366,0.0058869048953056335,0.9997193217277527,0.5721156001091003,0.5822383761405945,-0.10982527583837509,0.9892536401748657,0.4512816369533539,0.5934238433837891,-0.1216248944401741,0.99245685338974,0.5682253241539001,0.7872747182846069,0.155925914645195,0.9791485667228699,0.4662068784236908,0.7850725054740906,0.1552223414182663,0.9888185262680054,0.554830014705658,0.8082073926925659,0.17466230690479279,0.8691534399986267,0.4782158434391022,0.8047907948493958,0.1778137981891632,0.8994032144546509,0.6014851331710815,0.8655096888542175,0.024955369532108307,0.9758888483047485,0.448233962059021,0.8710841536521912,0.03935912624001503,0.9829107522964478
down,0.5231595039367676,0.4065963625907898,-0.4190881848335266,0.9999955296516418,0.5295227766036987,0.3859104812145233,-0.4106016159057617,0.9999885559082031,0.533882200717926,0.38500815629959106,-0.410599023103714,0.9999880790710449,0.5381222367286682,0.3839327096939087,-0.41071397066116333,0.9999834299087524,0.512929379940033,0.38604503870010376,-0.412391722202301,0.9999869465827942,0.5061178207397461,0.385555237531662,-0.4124145805835724,0.9999862313270569,0.5004785656929016,0.3851591646671295,-0.4123536944389343,0.9999794363975525,0.5422148704528809,0.3836570084095001,-0.31484463810920715,0.999984085559845,0.49167749285697937,0.3890523910522461,-0.32287609577178955,0.999986469745636,0.53050696849823,0.42273104190826416,-0.37970098853111267,0.9999963641166687,0.5126742720603943,0.4253508448600769,-0.38169318437576294,0.9999967217445374,0.5740073919296265,0.45740294456481934,-0.23127898573875427,0.9999784827232361,0.44985365867614746,0.47150561213493347,-0.24349574744701385,0.9999197125434875,0.6282657384872437,0.534496545791626,-0.25867921113967896,0.9919831156730652,0.39835408329963684,0.5667247176170349,-0.28997787833213806,0.9935340285301208,0.6770479679107666,0.5944905877113342,-0.4052874445915222,0.9864789247512817,0.3697786033153534,0.6224562525749207,-0.4236849546432495,0.9869465231895447,0.70049649477005,0.6190439462661743,-0.4324714243412018,0.9732240438461304,0.35546979308128357,0.6489834189414978,-0.45105552673339844,0.9737579822540283,0.6896519064903259,0.6171168088912964,-0.45788320899009705,0.975817859172821,0.37162286043167114,0.6379171013832092,-0.4741262197494507,0.9744445085525513,0.679034948348999,0.6108534932136536,-0.4173828363418579,0.9729614853858948,0.379454106092453,0.6286640763282776,-0.43529048562049866,0.9693984389305115,0.5447472929954529,0.6239743828773499,0.009404554031789303,0.9993712902069092,0.4746253192424774,0.6302913427352905,-0.009453005157411098,0.9991552233695984,0.6352381706237793,0.6349313855171204,-0.2671506702899933,0.9609028697013855,0.4067935049533844,0.6569016575813293,-0.2830948531627655,0.9679002165794373,0.5800612568855286,0.7862292528152466,-0.03354548290371895,0.9378241896629333,0.45715993642807007,0.8043394088745117,-0.05634922534227371,0.9830058813095093,0.5617454051971436,0.806198239326477,-0.012508099898695946,0.9267932176589966,0.4737984240055084,0.825270414352417,-0.0379209890961647,0.941705584526062,0.6129009127616882,0.8564547896385193,-0.09428762644529343,0.8676297664642334,0.4396704435348511,0.8763499855995178,-0.13001704216003418,0.9508718252182007
down,0.5226157903671265,0.4112301170825958,-0.40322795510292053,0.999996542930603,0.5288800001144409,0.39087486267089844,-0.3961053788661957,0.9999909400939941,0.5332231521606445,0.3899019956588745,-0.39609575271606445,0.9999906420707703,0.5374711751937866,0.3886868953704834,-0.39621129631996155,0.9999862909317017,0.512215793132782,0.3907080590724945,-0.39700159430503845,0.999989926815033,0.5056092143058777,0.3900606334209442,-0.39702358841896057,0.9999896287918091,0.5001679062843323,0.38943421840667725,-0.39696481823921204,0.9999840259552002,0.5420294404029846,0.38726624846458435,-0.3035415709018707,0.9999874830245972,0.4915364980697632,0.3920457661151886,-0.3074938654899597,0.9999903440475464,0.5300570130348206,0.426640123128891,-0.36477330327033997,0.9999974966049194,0.5123599767684937,0.42949843406677246,-0.3656620979309082,0.9999979138374329,0.5729889869689941,0.45774760842323303,-0.22031418979167938,0.9999812245368958,0.452036589384079,0.47231408953666687,-0.2290576696395874,0.9999394416809082,0.6273843050003052,0.5381069183349609,-0.24044017493724823,0.9898648262023926,0.39861860871315,0.5697124600410461,-0.27399712800979614,0.9925867915153503,0.6750187873840332,0.5979204773902893,-0.3762238919734955,0.9839854836463928,0.3710099458694458,0.6245346665382385,-0.40207192301750183,0.984790027141571,0.6990736126899719,0.6217728853225708,-0.40144723653793335,0.9687284827232361,0.35637277364730835,0.6485374569892883,-0.427254319190979,0.9697299599647522,0.6882663369178772,0.6200706362724304,-0.42794719338417053,0.971733033657074,0.3725697696208954,0.6369501352310181,-0.4503748416900635,0.9704815149307251,0.6776379942893982,0.6137178540229797,-0.38856980204582214,0.9695848822593689,0.3811134099960327,0.6278247237205505,-0.4136628806591034,0.9668182730674744,0.5450426340103149,0.6248489618301392,0.008579745888710022,0.9991974234580994,0.47506773471832275,0.6308982372283936,-0.008641249500215054,0.9988554120063782,0.6320138573646545,0.6325265169143677,-0.263596773147583,0.9606362581253052,0.4066971242427826,0.6542087197303772,-0.264925479888916,0.9686739444732666,0.5790866613388062,0.7872533202171326,-0.04297896847128868,0.9373067617416382,0.45650264620780945,0.804778516292572,-0.05594765767455101,0.9834843277931213,0.5617131590843201,0.807648241519928,-0.025466859340667725,0.9273245930671692,0.47265130281448364,0.8256304264068604,-0.03920302167534828,0.9479883313179016,0.6129310727119446,0.8582587242126465,-0.10465294867753983,0.8642229437828064,0.43941977620124817,0.8785027265548706,-0.12583261728286743,0.9516757130622864
down,0.5213709473609924,0.41138625144958496,-0.4055384397506714,0.9999964833259583,0.5282402038574219,0.3910871148109436,-0.3984766900539398,0.9999908208847046,0.5325944423675537,0.3901331424713135,-0.3984670639038086,0.9999904036521912,0.536960780620575,0.388945609331131,-0.398582398891449,0.999985933303833,0.5111106634140015,0.3909170627593994,-0.3990170657634735,0.9999897480010986,0.5046777129173279,0.39029037952423096,-0.3990381360054016,0.99998939037323,0.4995432198047638,0.38970333337783813,-0.3989774286746979,0.9999837279319763,0.5419081449508667,0.3877239227294922,-0.30564016103744507,0.9999871850013733,0.491425096988678,0.3923971652984619,-0.30815452337265015,0.9999902248382568,0.5293747782707214,0.42673593759536743,-0.36705121397972107,0.9999974370002747,0.5113707780838013,0.4294908940792084,-0.36740681529045105,0.9999979138374329,0.5728834271430969,0.45788824558258057,-0.22010596096515656,0.9999807476997375,0.4521459639072418,0.4722937047481537,-0.2286975085735321,0.9999412298202515,0.6274346113204956,0.5395350456237793,-0.23758313059806824,0.9898094534873962,0.3987048864364624,0.5695571899414062,-0.27256283164024353,0.992280125617981,0.6750298142433167,0.59898442029953,-0.37040990591049194,0.9834765195846558,0.37177935242652893,0.6244490146636963,-0.4014657735824585,0.9843466877937317,0.6989650130271912,0.6224191784858704,-0.3951755166053772,0.9676129221916199,0.3566451370716095,0.6470288038253784,-0.4270952343940735,0.9688594341278076,0.6882712841033936,0.620754599571228,-0.4223081171512604,0.9707682132720947,0.3729920983314514,0.6364596486091614,-0.4503445029258728,0.9696294665336609,0.6777278184890747,0.6144727468490601,-0.38310354948043823,0.9687857031822205,0.3816116452217102,0.627781093120575,-0.4132484793663025,0.9661194682121277,0.5450462698936462,0.6249369978904724,0.008553339168429375,0.9991744756698608,0.47514256834983826,0.6308371424674988,-0.008610193617641926,0.9988470077514648,0.631358802318573,0.6325362324714661,-0.26433566212654114,0.9598640203475952,0.40675678849220276,0.6529721021652222,-0.26688459515571594,0.9691721200942993,0.5790322422981262,0.7875648736953735,-0.04380619898438454,0.9365666508674622,0.4565403461456299,0.804775059223175,-0.05961691588163376,0.9833824038505554,0.5617238283157349,0.8082150220870972,-0.026272829622030258,0.9275233745574951,0.4727259874343872,0.8265241384506226,-0.042844150215387344,0.9488425254821777,0.6131480932235718,0.8587439060211182,-0.10597915947437286,0.8622652888298035,0.4390912353992462,0.8785437941551208,-0.12953850626945496,0.9511051177978516
down,0.5206121206283569,0.4113515317440033,-0.40601688623428345,0.9999963641166687,0.5277044177055359,0.39113590121269226,-0.39879047870635986,0.9999902844429016,0.5320850014686584,0.39021337032318115,-0.3987814486026764,0.9999898672103882,0.5365244746208191,0.38907885551452637,-0.3988964259624481,0.9999850392341614,0.5103476047515869,0.39096391201019287,-0.39955049753189087,0.9999892115592957,0.5039951205253601,0.39037787914276123,-0.3995727300643921,0.999988853931427,0.4990130364894867,0.38988810777664185,-0.3995128870010376,0.999983012676239,0.5416591763496399,0.38834697008132935,-0.3068583011627197,0.999986469745636,0.49112725257873535,0.3929882049560547,-0.3086739480495453,0.9999898076057434,0.528901994228363,0.4267466366291046,-0.36745017766952515,0.9999973177909851,0.5107322335243225,0.4294205605983734,-0.3679334819316864,0.9999978542327881,0.5726851224899292,0.45820099115371704,-0.22029070556163788,0.999979555606842,0.45212116837501526,0.47243502736091614,-0.22939898073673248,0.9999418258666992,0.6274681091308594,0.5407198071479797,-0.23916760087013245,0.9896323680877686,0.3986984193325043,0.5694860816001892,-0.2738057076931,0.9919531345367432,0.6749283671379089,0.6002683043479919,-0.370906800031662,0.9826264381408691,0.37221643328666687,0.624366044998169,-0.4029430150985718,0.9838149547576904,0.698544442653656,0.6230207681655884,-0.3952851891517639,0.9659022092819214,0.3570522665977478,0.6463164687156677,-0.4285595118999481,0.9678328633308411,0.6882312893867493,0.6211849451065063,-0.42215704917907715,0.9692463874816895,0.37347137928009033,0.6360483169555664,-0.4518727660179138,0.9686084985733032,0.6777275204658508,0.6151177883148193,-0.3834855556488037,0.9674228429794312,0.382030725479126,0.6277488470077515,-0.41461339592933655,0.9651456475257874,0.5449908375740051,0.6250966191291809,0.008561198599636555,0.9991570711135864,0.47516682744026184,0.6308422684669495,-0.008614899590611458,0.9988523125648499,0.6310380101203918,0.6328703761100769,-0.26454877853393555,0.959290623664856,0.40684938430786133,0.6517428755760193,-0.2723618447780609,0.9697389602661133,0.5789260864257812,0.7875731587409973,-0.043629106134176254,0.9360548257827759,0.4565965533256531,0.8047561645507812,-0.061723459511995316,0.9835982322692871,0.56174635887146,0.8083230257034302,-0.025938687846064568,0.9279664754867554,0.4727567732334137,0.8270974159240723,-0.04467177763581276,0.9501462578773499,0.6131813526153564,0.8586955070495605,-0.10593750327825546,0.8613349199295044,0.43880823254585266,0.8785418272018433,-0.13332104682922363,0.9514768719673157
down,0.5199918746948242,0.41138917207717896,-0.41397905349731445,0.9999960660934448,0.5271177291870117,0.3911314606666565,-0.4062547981739044,0.9999895095825195,0.5314928889274597,0.39021629095077515,-0.40625131130218506,0.9999890327453613,0.5359329581260681,0.38910675048828125,-0.40637654066085815,0.9999837875366211,0.5097945332527161,0.3909459114074707,-0.4067819118499756,0.9999884366989136,0.5034521222114563,0.39036035537719727,-0.4068104028701782,0.9999880790710449,0.49853959679603577,0.38989922404289246,-0.4067549705505371,0.9999817609786987,0.5412036180496216,0.38856062293052673,-0.31205829977989197,0.9999854564666748,0.4905700385570526,0.3932253420352936,-0.313987135887146,0.9999891519546509,0.5283840894699097,0.4268614947795868,-0.37499332427978516,0.999997079372406,0.5101705193519592,0.4294336140155792,-0.3753682076931,0.9999977350234985,0.5725372433662415,0.45948806405067444,-0.2252403199672699,0.9999774098396301,0.45187821984291077,0.47292953729629517,-0.23516730964183807,0.999940037727356,0.6276944875717163,0.5416250824928284,-0.24810464680194855,0.9892994165420532,0.39852195978164673,0.5695754289627075,-0.2869560718536377,0.9915710687637329,0.6750788688659668,0.6018239855766296,-0.3832254707813263,0.9814611077308655,0.37222903966903687,0.6242458820343018,-0.4225422739982605,0.9829871654510498,0.698501706123352,0.623909056186676,-0.4081146717071533,0.9636971354484558,0.3571913242340088,0.6458266377449036,-0.4491025507450104,0.9663470983505249,0.6884053349494934,0.621961236000061,-0.43472185730934143,0.9672627449035645,0.37366050481796265,0.635138213634491,-0.4708188772201538,0.9671398997306824,0.6782373785972595,0.6161893606185913,-0.3958244025707245,0.9655392169952393,0.3821204900741577,0.6275580525398254,-0.43384045362472534,0.9635680913925171,0.5445493459701538,0.6252791285514832,0.008661993779242039,0.9991249442100525,0.4749677777290344,0.6309215426445007,-0.00871032103896141,0.9988440275192261,0.6309319138526917,0.6330681443214417,-0.26651936769485474,0.957936704158783,0.4068441092967987,0.6514259576797485,-0.2793358564376831,0.969629168510437,0.5788949728012085,0.7875285148620605,-0.04205848649144173,0.9346088171005249,0.45662692189216614,0.8047391176223755,-0.06349863857030869,0.9836886525154114,0.5617532730102539,0.8083223700523376,-0.02426067180931568,0.9274666905403137,0.4727660119533539,0.8272023797035217,-0.04597678780555725,0.9507918357849121,0.6132060289382935,0.8585158586502075,-0.10502222180366516,0.8589509725570679,0.4387994110584259,0.8785301446914673,-0.13710977137088776,0.9515599608421326
up,0.5084462761878967,-0.018266912549734116,-0.37234777212142944,0.9999791979789734,0.5152861475944519,-0.04013986140489578,-0.3595515489578247,0.9999492764472961,0.5205764770507812,-0.04071519896388054,-0.3595625162124634,0.9999386072158813,0.5265273451805115,-0.04433313012123108,-0.359638512134552,0.9999258518218994,0.49998748302459717,-0.04042166844010353,-0.35853734612464905,0.999951958656311,0.49622753262519836,-0.049083199352025986,-0.3585190773010254,0.9999496936798096,0.4909493029117584,-0.050738342106342316,-0.35849112272262573,0.9999517798423767,0.5343290567398071,-0.04783471301198006,-0.18869611620903015,0.999921977519989,0.48616623878479004,-0.052668824791908264,-0.18582329154014587,0.9999529123306274,0.517905056476593,2.0684990886365995e-05,-0.2998669147491455,0.9999774694442749,0.5001838803291321,-0.0033852774649858475,-0.299515038728714,0.9999818205833435,0.5784646272659302,0.047236356884241104,-0.011965826153755188,0.9999647736549377,0.4447707235813141,0.0436553955078125,-0.06228111311793327,0.9999596476554871,0.6195696592330933,0.13467532396316528,0.010138127021491528,0.9696511030197144,0.39769211411476135,0.1457822322845459,-0.16813001036643982,0.988837480545044,0.6255306601524353,0.12762580811977386,-0.13696341216564178,0.9703993201255798,0.39133206009864807,0.13145208358764648,-0.45492613315582275,0.9898403882980347,0.6377893686294556,0.1291986107826233,-0.16679483652114868,0.9419386982917786,0.3830532431602478,0.13028840720653534,-0.5065691471099854,0.9798401594161987,0.6287128329277039,0.12199392169713974,-0.19357101619243622,0.9445692300796509,0.3955192565917969,0.11975551396608353,-0.5284561514854431,0.9802151322364807,0.6206178069114685,0.12120498716831207,-0.15060460567474365,0.9325169920921326,0.402253657579422,0.12188856303691864,-0.469974160194397,0.9738945364952087,0.5492263436317444,0.3591764569282532,0.0028191786259412766,0.9997225999832153,0.46730944514274597,0.35678938031196594,-0.0027305791154503822,0.9997032880783081,0.5571640729904175,0.5978456735610962,0.007271091919392347,0.9912105202674866,0.46199145913124084,0.5879011750221252,-0.03361120447516441,0.9935510158538818,0.5675601959228516,0.7908680438995361,0.2612811326980591,0.9850866198539734,0.4666823744773865,0.7946015000343323,0.1946902573108673,0.9928512573242188,0.559618353843689,0.8134812712669373,0.27708789706230164,0.931799590587616,0.47485703229904175,0.8144729137420654,0.21008534729480743,0.9376240968704224,0.605636477470398,0.8549302816390991,0.11395396292209625,0.9716276526451111,0.4521734118461609,0.8743306398391724,0.044746045023202896,0.983056366443634
down,0.5241861939430237,0.4000609219074249,-0.2683742046356201,0.999998152256012,0.531802237033844,0.3785441517829895,-0.2579628527164459,0.9999960660934448,0.5367428064346313,0.3781229555606842,-0.25801968574523926,0.9999956488609314,0.5413060188293457,0.3777051270008087,-0.2581535577774048,0.9999943375587463,0.5151752829551697,0.3764907419681549,-0.26048681139945984,0.9999955296516418,0.5084397792816162,0.3749553859233856,-0.2605169713497162,0.9999951720237732,0.5028271079063416,0.37369975447654724,-0.26052308082580566,0.9999935030937195,0.5471711754798889,0.3768792152404785,-0.1741030216217041,0.9999948740005493,0.4941715896129608,0.37417370080947876,-0.18654988706111908,0.9999954700469971,0.5317140817642212,0.41693103313446045,-0.2358061969280243,0.9999989867210388,0.5130968689918518,0.41817325353622437,-0.2391727715730667,0.9999990463256836,0.578763484954834,0.4550490379333496,-0.13459928333759308,0.9999943375587463,0.45262864232063293,0.4651624262332916,-0.14334999024868011,0.9999619722366333,0.6260546445846558,0.543656587600708,-0.1653366982936859,0.9963323473930359,0.41112738847732544,0.5759692192077637,-0.18508298695087433,0.9933138489723206,0.6455391049385071,0.6056222915649414,-0.3088771104812622,0.9953590631484985,0.40544354915618896,0.6214811205863953,-0.32877057790756226,0.9888923764228821,0.6528202295303345,0.6340711712837219,-0.3400365114212036,0.9904950857162476,0.4000993072986603,0.6469030976295471,-0.35915523767471313,0.9822529554367065,0.6379842758178711,0.6203701496124268,-0.3586678206920624,0.9904766082763672,0.415225625038147,0.6317086219787598,-0.3753252923488617,0.9819705486297607,0.6326242685317993,0.6117602586746216,-0.3179630935192108,0.9876139163970947,0.42024269700050354,0.6188754439353943,-0.337419331073761,0.9754248857498169,0.5490166544914246,0.6311631202697754,0.006587404292076826,0.9997286200523376,0.4776647984981537,0.6382225751876831,-0.006779487710446119,0.9995737075805664,0.6283460259437561,0.6321569085121155,-0.24797648191452026,0.9727751016616821,0.40813595056533813,0.6550565361976624,-0.2517399489879608,0.9673137664794922,0.5782769918441772,0.7884620428085327,-0.03816257417201996,0.9341445565223694,0.4572180509567261,0.7988722920417786,-0.05966966599225998,0.9796531200408936,0.5630793571472168,0.808821439743042,-0.019808374345302582,0.9210174679756165,0.47277161478996277,0.8205481767654419,-0.043253012001514435,0.9311087727546692,0.6080256104469299,0.8633804321289062,-0.08048044890165329,0.8698351979255676,0.44353750348091125,0.8760268092155457,-0.11741816997528076,0.9475932717323303
up,0.5117172598838806,-0.014309472404420376,-0.43367841839790344,0.9999621510505676,0.5186491012573242,-0.038027454167604446,-0.4173600673675537,0.9999256730079651,0.5237336158752441,-0.03901098668575287,-0.41744643449783325,0.9999152421951294,0.5288110971450806,-0.03987610712647438,-0.41754594445228577,0.9999033212661743,0.5035613775253296,-0.037157975137233734,-0.4164608418941498,0.999900221824646,0.5001723766326904,-0.037541210651397705,-0.41642916202545166,0.9998856782913208,0.49574825167655945,-0.03793494403362274,-0.4164241552352905,0.9998747706413269,0.5375370979309082,-0.042762916535139084,-0.2363777458667755,0.9998990297317505,0.4891218841075897,-0.04922134429216385,-0.2343815714120865,0.9998846650123596,0.5201720595359802,0.006411018315702677,-0.3585103452205658,0.9999667406082153,0.5036865472793579,0.0018865863094106317,-0.35773056745529175,0.9999662637710571,0.58296138048172,0.042426858097314835,-0.1125386580824852,0.9999700784683228,0.44651147723197937,0.041790921241045,-0.12687279284000397,0.9999419450759888,0.618838906288147,0.13006049394607544,-0.36802545189857483,0.9817585349082947,0.40016546845436096,0.12551060318946838,-0.39060404896736145,0.9889079928398132,0.6273625493049622,0.11210806667804718,-0.7893759608268738,0.9852051734924316,0.3941028118133545,0.1131519228219986,-0.8380455374717712,0.9903111457824707,0.6441894769668579,0.09919867664575577,-0.8785876035690308,0.9733297824859619,0.3854537010192871,0.10560831427574158,-0.9275129437446594,0.9822589755058289,0.6356038451194763,0.08713259547948837,-0.8893292546272278,0.974428117275238,0.39811602234840393,0.09651438891887665,-0.936068058013916,0.9823582172393799,0.6260412335395813,0.09150955826044083,-0.8060721755027771,0.9653708934783936,0.4058588743209839,0.1016501933336258,-0.8542277216911316,0.9744797945022583,0.5516489744186401,0.3652816116809845,-0.0019253126811236143,0.999828040599823,0.46857500076293945,0.3639640510082245,0.0021107811480760574,0.9998114705085754,0.5634072422981262,0.593989908695221,0.03437802195549011,0.9926133751869202,0.46679186820983887,0.5899457335472107,0.010626306757330894,0.9947931170463562,0.5671192407608032,0.7854869365692139,0.3333233892917633,0.9851576089859009,0.4650004208087921,0.7969778180122375,0.2743018865585327,0.9926041960716248,0.5561700463294983,0.8091039657592773,0.3530276417732239,0.931964099407196,0.4725016951560974,0.819030225276947,0.29139605164527893,0.926852285861969,0.6024389863014221,0.8520205616950989,0.17636962234973907,0.9736860990524292,0.44946160912513733,0.8746579885482788,0.1138237863779068,0.9831877946853638
up,0.5102663636207581,-0.010022718459367752,-0.3290936052799225,0.9999386668205261,0.5178616642951965,-0.035017699003219604,-0.3166700303554535,0.999879002571106,0.5231524705886841,-0.036180589348077774,-0.3167143166065216,0.9998632073402405,0.5284193754196167,-0.03726676106452942,-0.316820353269577,0.9998428225517273,0.5026646256446838,-0.034133851528167725,-0.3131771683692932,0.9998220205307007,0.49784746766090393,-0.03471090644598007,-0.3131391406059265,0.9998003840446472,0.4929792284965515,-0.0353083573281765,-0.31309399008750916,0.9997854828834534,0.538720428943634,-0.042386166751384735,-0.14783327281475067,0.9998363852500916,0.48799020051956177,-0.039820361882448196,-0.13223907351493835,0.9997815489768982,0.5202801823616028,0.0029235021211206913,-0.2574729919433594,0.9999291300773621,0.5026460886001587,0.00020895664056297392,-0.2535036504268646,0.9999194741249084,0.5825719237327576,0.040135279297828674,-0.011542346328496933,0.9999498128890991,0.44862475991249084,0.037087973207235336,-0.017550960183143616,0.9999115467071533,0.6152567267417908,0.11352153867483139,-0.08997980505228043,0.965172529220581,0.40052342414855957,0.12429120391607285,-0.17164599895477295,0.9843729138374329,0.622877836227417,0.1111515536904335,-0.2911226153373718,0.9775011539459229,0.40047889947891235,0.10850946605205536,-0.4883641004562378,0.9878068566322327,0.6415628790855408,0.10356596857309341,-0.34009405970573425,0.958053708076477,0.3927760720252991,0.10389852523803711,-0.5513144731521606,0.9751558899879456,0.6336662173271179,0.09474016726016998,-0.36147862672805786,0.9590391516685486,0.4054344594478607,0.09731583297252655,-0.5651519298553467,0.9752795696258545,0.6232470870018005,0.09777986258268356,-0.3055691123008728,0.9478311538696289,0.4132329225540161,0.10053128749132156,-0.5033476948738098,0.9680372476577759,0.5517252683639526,0.36588749289512634,-0.007137535605579615,0.9998118281364441,0.467044860124588,0.36359134316444397,0.007291021291166544,0.9997776746749878,0.5624779462814331,0.5918944478034973,-0.02883492410182953,0.9955041408538818,0.4619199335575104,0.5881774425506592,-0.006986707914620638,0.996671736240387,0.5670889616012573,0.775539219379425,0.25801345705986023,0.990375816822052,0.46486613154411316,0.7912817597389221,0.2633085548877716,0.9950839877128601,0.5545519590377808,0.8039299249649048,0.27771544456481934,0.9424793720245361,0.47183486819267273,0.8144609332084656,0.28332826495170593,0.9458972215652466,0.5981414318084717,0.851840078830719,0.11236530542373657,0.9849669337272644,0.44857868552207947,0.8657211661338806,0.12398131936788559,0.9903526902198792
up,0.5102712512016296,-0.006494250148534775,-0.33495333790779114,0.9999348521232605,0.5177996754646301,-0.031764063984155655,-0.3238969147205353,0.9998742938041687,0.5230623483657837,-0.033115122467279434,-0.32391440868377686,0.9998584389686584,0.5282958745956421,-0.03440934047102928,-0.3239934742450714,0.9998381733894348,0.5026328563690186,-0.030557770282030106,-0.3206620216369629,0.999810516834259,0.49781233072280884,-0.031068691983819008,-0.32066041231155396,0.9997854828834534,0.4929528832435608,-0.031553469598293304,-0.32064250111579895,0.9997690320014954,0.5383977293968201,-0.040702883154153824,-0.15711086988449097,0.9998319745063782,0.4879060685634613,-0.03676255792379379,-0.14355123043060303,0.9997658729553223,0.5203016400337219,0.003904215060174465,-0.26699158549308777,0.9999247789382935,0.5025491118431091,0.001648467849008739,-0.26349884271621704,0.9999130964279175,0.5824069380760193,0.040374238044023514,-0.016537146642804146,0.9999510049819946,0.4488399624824524,0.03701908141374588,-0.027279334142804146,0.9999071359634399,0.615349292755127,0.11412884294986725,-0.18436290323734283,0.9655293226242065,0.40105289220809937,0.12382771819829941,-0.23309414088726044,0.9836655259132385,0.6232287883758545,0.1109500452876091,-0.4740610122680664,0.9784835577011108,0.4018714427947998,0.10798578709363937,-0.6120144128799438,0.9876070618629456,0.6424367427825928,0.10315308719873428,-0.5425623655319214,0.9597822427749634,0.39297422766685486,0.10414476692676544,-0.6870750784873962,0.9748736619949341,0.6345483064651489,0.09420198947191238,-0.5571544766426086,0.9607250690460205,0.40593093633651733,0.0975138247013092,-0.6994686722755432,0.9750409722328186,0.6241066455841064,0.0971783921122551,-0.4889240860939026,0.9497470259666443,0.414095014333725,0.10047708451747894,-0.6279130578041077,0.9678916335105896,0.5519959330558777,0.36596226692199707,-0.008049644529819489,0.9998161792755127,0.4670514166355133,0.3637169897556305,0.00824369490146637,0.9997772574424744,0.562680721282959,0.5910508632659912,-0.0286828875541687,0.9958099722862244,0.46171483397483826,0.5874709486961365,0.010824088007211685,0.9967465996742249,0.5676791071891785,0.7748417258262634,0.2618879973888397,0.9908251762390137,0.46534648537635803,0.7903760075569153,0.298427939414978,0.9951879382133484,0.5550777316093445,0.8030697107315063,0.2820216119289398,0.94294673204422,0.47303831577301025,0.8137112259864807,0.31998732686042786,0.9467005729675293,0.5981828570365906,0.8517539501190186,0.11665649712085724,0.9859702587127686,0.4486890733242035,0.8653842210769653,0.15776003897190094,0.9907744526863098
up,0.5102477669715881,-0.0035679193679243326,-0.3397868573665619,0.9999338388442993,0.5176635980606079,-0.028932860121130943,-0.3266715109348297,0.999875009059906,0.5228944420814514,-0.030388442799448967,-0.32671108841896057,0.9998593926429749,0.5280941724777222,-0.031779952347278595,-0.3267970681190491,0.9998399615287781,0.5025379061698914,-0.02746548503637314,-0.3237847685813904,0.9998070597648621,0.4977104961872101,-0.0278873723000288,-0.3237742483615875,0.9997799396514893,0.4928601384162903,-0.028284119442105293,-0.3237517178058624,0.9997623562812805,0.5380512475967407,-0.03862931951880455,-0.15548749268054962,0.9998353719711304,0.48777881264686584,-0.033717889338731766,-0.14277544617652893,0.9997617602348328,0.5202957391738892,0.006669351365417242,-0.2684032618999481,0.9999244213104248,0.5022320747375488,0.004536945838481188,-0.26516157388687134,0.9999113082885742,0.5820891857147217,0.040065865963697433,-0.02210448682308197,0.9999535083770752,0.44896671175956726,0.03696747496724129,-0.031280823051929474,0.9999068975448608,0.6150749325752258,0.11398318409919739,-0.1840033084154129,0.9659404754638672,0.40223854780197144,0.12292870134115219,-0.24910499155521393,0.983052134513855,0.6240037679672241,0.11002801358699799,-0.4498594403266907,0.9796234965324402,0.4023125171661377,0.107810378074646,-0.6222653388977051,0.9875674247741699,0.6439664363861084,0.10161323845386505,-0.513868510723114,0.9618391394615173,0.39274466037750244,0.10429482907056808,-0.6951141953468323,0.9750548005104065,0.6363040804862976,0.09299905598163605,-0.5270964503288269,0.9627346992492676,0.40579792857170105,0.09767219424247742,-0.7084839344024658,0.9752762913703918,0.6255961060523987,0.09598034620285034,-0.46364325284957886,0.9520823955535889,0.41411346197128296,0.10058184713125229,-0.6386867761611938,0.9682832360267639,0.5522306561470032,0.36603036522865295,-0.00809360109269619,0.9998266696929932,0.46708595752716064,0.36377382278442383,0.008285107091069221,0.9997847676277161,0.5629297494888306,0.5905768871307373,-0.028273040428757668,0.9960737824440002,0.46166592836380005,0.5867016911506653,0.011615495197474957,0.9967785477638245,0.5680211186408997,0.7746491432189941,0.28348076343536377,0.9911561608314514,0.46618983149528503,0.7887698411941528,0.30082666873931885,0.9952459931373596,0.5555517077445984,0.802631139755249,0.3072395920753479,0.9428894519805908,0.4740026295185089,0.8118287324905396,0.3229295611381531,0.9467591643333435,0.5981977581977844,0.8516390323638916,0.14746098220348358,0.9867863059043884,0.4491623044013977,0.8648297786712646,0.16222813725471497,0.9911054968833923
up,0.5100952982902527,-0.0018932516686618328,-0.3387448489665985,0.9999346137046814,0.517326831817627,-0.02732965536415577,-0.3261837065219879,0.9998782277107239,0.5225217938423157,-0.028839457780122757,-0.3262215554714203,0.999862790107727,0.5276853442192078,-0.03027389943599701,-0.32635027170181274,0.9998444318771362,0.5022574067115784,-0.025706756860017776,-0.3231502175331116,0.9998096227645874,0.49742358922958374,-0.026074405759572983,-0.3231107294559479,0.9997822642326355,0.49258479475975037,-0.026427719742059708,-0.32304877042770386,0.9997645616531372,0.5374833345413208,-0.03739602118730545,-0.15384240448474884,0.999841034412384,0.48745197057724,-0.032048605382442474,-0.14070558547973633,0.9997657537460327,0.5202614068984985,0.008365828543901443,-0.2653912603855133,0.9999259114265442,0.5019275546073914,0.006248887628316879,-0.26208770275115967,0.999912440776825,0.5816645622253418,0.039806779474020004,-0.02105642668902874,0.9999560117721558,0.44893211126327515,0.036663275212049484,-0.029818536713719368,0.9999085664749146,0.6146361827850342,0.11352275311946869,-0.1645606905221939,0.9659613966941833,0.40257975459098816,0.1226901188492775,-0.23737820982933044,0.9824126362800598,0.6257429718971252,0.10929396748542786,-0.4125101864337921,0.9805489778518677,0.40209031105041504,0.10811913758516312,-0.6070020794868469,0.9875746965408325,0.6465485095977783,0.10081817954778671,-0.4714517593383789,0.963571310043335,0.39170995354652405,0.10470763593912125,-0.6787129044532776,0.9752899408340454,0.6391972899436951,0.09252169728279114,-0.4904111623764038,0.9644365310668945,0.4049600064754486,0.09814122319221497,-0.6920731067657471,0.9755384922027588,0.6283589601516724,0.095496766269207,-0.4274561405181885,0.9540549516677856,0.41329333186149597,0.10092143714427948,-0.6231873631477356,0.968673050403595,0.5523390173912048,0.36607229709625244,-0.008333822712302208,0.9998387694358826,0.467106431722641,0.3637802004814148,0.008518070913851261,0.9997947216033936,0.563351571559906,0.5900577902793884,-0.0316009446978569,0.9963134527206421,0.4616064131259918,0.5862099528312683,0.008047924377024174,0.996814489364624,0.5684860944747925,0.7745974063873291,0.28262653946876526,0.9914353489875793,0.4667902886867523,0.7871402502059937,0.29741722345352173,0.9952800869941711,0.556187093257904,0.8023650050163269,0.305671364068985,0.9426941275596619,0.4747096002101898,0.8099185228347778,0.31995072960853577,0.9469380378723145,0.5982738137245178,0.8515791893005371,0.14747896790504456,0.9874419569969177,0.4495120644569397,0.8640427589416504,0.16248616576194763,0.9913769960403442
up,0.510559618473053,-0.0019752844236791134,-0.3391798138618469,0.9999345541000366,0.5175650715827942,-0.027327844873070717,-0.32526856660842896,0.9998783469200134,0.5227171182632446,-0.028814107179641724,-0.32531437277793884,0.99986332654953,0.527842104434967,-0.030214987695217133,-0.32546114921569824,0.9998449683189392,0.5025554299354553,-0.02571667730808258,-0.3234124779701233,0.9998083710670471,0.49770689010620117,-0.02606971561908722,-0.32336458563804626,0.9997814893722534,0.4928669035434723,-0.02642010524868965,-0.32331210374832153,0.9997625350952148,0.5386015176773071,-0.042167697101831436,-0.14979112148284912,0.9998424053192139,0.48739123344421387,-0.031896986067295074,-0.14236986637115479,0.9997664093971252,0.5205234289169312,0.010669770650565624,-0.26468804478645325,0.9999262094497681,0.5022961497306824,0.008585933595895767,-0.2631121575832367,0.9999122023582458,0.5814927816390991,0.03989711031317711,-0.010131730698049068,0.9999573230743408,0.44893452525138855,0.03664509579539299,-0.028353486210107803,0.9999072551727295,0.6147907972335815,0.11391247808933258,-0.10303223133087158,0.9666715860366821,0.4026406407356262,0.12335938215255737,-0.21975788474082947,0.9824538826942444,0.6283273100852966,0.10854087769985199,-0.3083118200302124,0.9816451668739319,0.40184980630874634,0.10873100906610489,-0.574360728263855,0.9878636002540588,0.6483275890350342,0.10001444071531296,-0.3576430380344391,0.9652819037437439,0.39090675115585327,0.10534170269966125,-0.6405839323997498,0.9757916927337646,0.6411019563674927,0.09188435226678848,-0.37330329418182373,0.9661099314689636,0.4039169251918793,0.09837063401937485,-0.6538532972335815,0.9760205745697021,0.631058931350708,0.09488755464553833,-0.32072463631629944,0.9560099840164185,0.4121919870376587,0.10131420940160751,-0.5896536111831665,0.9692822098731995,0.5524172186851501,0.3666336238384247,-0.00805927999317646,0.9998435974121094,0.46710965037345886,0.3642047345638275,0.008249513804912567,0.9997972249984741,0.56467205286026,0.5905129909515381,-0.0355435349047184,0.9965003132820129,0.46130824089050293,0.5861356258392334,0.0037474206183105707,0.9968814849853516,0.5689083337783813,0.7746761441230774,0.2761358618736267,0.9916549921035767,0.467010498046875,0.7857069969177246,0.30790895223617554,0.9953204393386841,0.5563933253288269,0.8022911548614502,0.2993432879447937,0.9433297514915466,0.4750136733055115,0.8082642555236816,0.3287072479724884,0.9475018382072449,0.5984470844268799,0.8515532612800598,0.14342030882835388,0.9879539608955383,0.44975319504737854,0.8629598617553711,0.1648177206516266,0.9915912747383118
down,0.5268232822418213,0.38059481978416443,-0.20773187279701233,0.9999977350234985,0.5327381491661072,0.3590204119682312,-0.19573959708213806,0.9999951124191284,0.5370745062828064,0.358451247215271,-0.1958174854516983,0.9999949932098389,0.5410417914390564,0.35794246196746826,-0.1959335207939148,0.9999933242797852,0.5189723372459412,0.35902148485183716,-0.1995055228471756,0.9999931454658508,0.5128473043441772,0.3583568036556244,-0.19948597252368927,0.9999926090240479,0.5069318413734436,0.357666552066803,-0.1994699388742447,0.9999886751174927,0.5438746213912964,0.3587631285190582,-0.11018603295087814,0.9999939203262329,0.4941459000110626,0.3587338626384735,-0.12125250697135925,0.9999924302101135,0.5339484214782715,0.3973931074142456,-0.17504213750362396,0.9999986290931702,0.5166870951652527,0.39952826499938965,-0.17977312207221985,0.9999986290931702,0.5774689316749573,0.43995174765586853,-0.07243412733078003,0.999992847442627,0.4516408145427704,0.44881802797317505,-0.0837971419095993,0.9999255537986755,0.622697114944458,0.5212106704711914,-0.1128365695476532,0.9921140670776367,0.4188939332962036,0.5567743182182312,-0.13657121360301971,0.9837607145309448,0.6477798223495483,0.5811001658439636,-0.2733694314956665,0.9918957352638245,0.41255712509155273,0.5915235877037048,-0.29486900568008423,0.9803153872489929,0.6649149060249329,0.600447952747345,-0.3034478724002838,0.9862783551216125,0.40218955278396606,0.6100964546203613,-0.32441338896751404,0.974162757396698,0.6552363038063049,0.5945764780044556,-0.3242994546890259,0.9862489700317383,0.41419529914855957,0.5883517861366272,-0.34234949946403503,0.9733738899230957,0.6460773944854736,0.5886752605438232,-0.28423669934272766,0.9827975034713745,0.42241987586021423,0.5763358473777771,-0.3049592971801758,0.9639248251914978,0.5457537174224854,0.6185140013694763,0.007506136782467365,0.9997221827507019,0.4732659161090851,0.6243764758110046,-0.0076061696745455265,0.9994868040084839,0.6256371140480042,0.6232903599739075,-0.25036105513572693,0.9827125668525696,0.4103398025035858,0.6409524083137512,-0.24887868762016296,0.9826820492744446,0.5784658193588257,0.7905580997467041,-0.07322821021080017,0.967227578163147,0.46147188544273376,0.798680305480957,-0.08825377374887466,0.9897602796554565,0.5617369413375854,0.8110008239746094,-0.057942647486925125,0.9503624439239502,0.4769211709499359,0.816394567489624,-0.07557299733161926,0.956719696521759,0.6052309274673462,0.8598460555076599,-0.12684063613414764,0.9292193651199341,0.44381389021873474,0.8759638667106628,-0.15393418073654175,0.9727250337600708
down,0.5280173420906067,0.393218994140625,-0.2042439728975296,0.999998152256012,0.5344230532646179,0.37254229187965393,-0.19267484545707703,0.9999958276748657,0.5389547944068909,0.37218621373176575,-0.1927596926689148,0.9999955296516418,0.5432131290435791,0.37172776460647583,-0.19287057220935822,0.9999942779541016,0.5198481678962708,0.37070074677467346,-0.19676651060581207,0.9999943375587463,0.513451874256134,0.36918073892593384,-0.19673891365528107,0.9999938011169434,0.5077524185180664,0.36790981888771057,-0.19671916961669922,0.9999901652336121,0.5468522906303406,0.372058242559433,-0.10859330743551254,0.9999943971633911,0.4957471787929535,0.3687419295310974,-0.1281198114156723,0.9999935030937195,0.5345082879066467,0.41001805663108826,-0.17195233702659607,0.9999992251396179,0.517905056476593,0.4110352098941803,-0.17716015875339508,0.9999992251396179,0.5771405100822449,0.45171159505844116,-0.07232128083705902,0.999994158744812,0.4536978602409363,0.45940032601356506,-0.08677312731742859,0.9999227523803711,0.6232662796974182,0.5304497480392456,-0.09791048616170883,0.9931535720825195,0.4189043641090393,0.5669339299201965,-0.13391880691051483,0.9804357886314392,0.6546209454536438,0.5825504660606384,-0.25306421518325806,0.9924396872520447,0.41347378492355347,0.5966029167175293,-0.28713616728782654,0.9742555618286133,0.6731950044631958,0.5974448919296265,-0.28122463822364807,0.9869775176048279,0.4045822024345398,0.6100147366523743,-0.3153643012046814,0.9659239053726196,0.6630297303199768,0.5920249819755554,-0.3008825480937958,0.9870285391807556,0.4170963764190674,0.5834937691688538,-0.3302150070667267,0.965348482131958,0.6529848575592041,0.5892146229743958,-0.26317766308784485,0.9842868447303772,0.42331328988075256,0.5774784088134766,-0.29546496272087097,0.955826997756958,0.5428815484046936,0.6298648118972778,0.007780143525451422,0.9996610879898071,0.47237032651901245,0.6368986964225769,-0.007855206727981567,0.9993233680725098,0.6233655214309692,0.6269063949584961,-0.2373374104499817,0.9775638580322266,0.4140108525753021,0.6504397392272949,-0.24523118138313293,0.9763793349266052,0.577117383480072,0.7912694215774536,-0.06849052757024765,0.961635172367096,0.4609888195991516,0.798673152923584,-0.08814550936222076,0.9868427515029907,0.5613538026809692,0.8130011558532715,-0.05496181920170784,0.9470037221908569,0.47536662220954895,0.8186408877372742,-0.07428816705942154,0.9576053619384766,0.6084394454956055,0.8593617081642151,-0.12368106842041016,0.9154926538467407,0.4441046714782715,0.8752274513244629,-0.14844800531864166,0.9672880172729492
down,0.5276963114738464,0.3948012888431549,-0.19101187586784363,0.999998152256012,0.5343798398971558,0.37429872155189514,-0.17910327017307281,0.9999958872795105,0.5389115214347839,0.37411385774612427,-0.1791868954896927,0.9999955296516418,0.5432047843933105,0.37386274337768555,-0.17930755019187927,0.9999942183494568,0.5195658206939697,0.3722825348377228,-0.18335376679897308,0.9999944567680359,0.5131282210350037,0.3707345426082611,-0.18331730365753174,0.9999938607215881,0.5075450539588928,0.36939114332199097,-0.18329483270645142,0.9999904036521912,0.5471078157424927,0.3751278519630432,-0.09440214186906815,0.9999943375587463,0.4961405396461487,0.37042179703712463,-0.1141229197382927,0.9999937415122986,0.5340543985366821,0.4121037721633911,-0.15845142304897308,0.9999993443489075,0.5175442099571228,0.41314616799354553,-0.1637893170118332,0.9999993443489075,0.5769413113594055,0.4523364007472992,-0.05769915133714676,0.9999945163726807,0.4546459913253784,0.4595967233181,-0.07254419475793839,0.9999274611473083,0.6233800053596497,0.5302398800849915,-0.08236313611268997,0.9932767152786255,0.4192071557044983,0.5660194754600525,-0.1196817010641098,0.9802778363227844,0.6550173759460449,0.5817155241966248,-0.2395658642053604,0.9924235939979553,0.41310906410217285,0.6014272570610046,-0.2733057141304016,0.9743328094482422,0.6732364892959595,0.5943470597267151,-0.26788684725761414,0.9869397282600403,0.40948033332824707,0.6116350889205933,-0.3013504445552826,0.9660740494728088,0.6628820300102234,0.589478075504303,-0.2866055965423584,0.9869515299797058,0.4178244471549988,0.5830591320991516,-0.3168092370033264,0.9654070138931274,0.6531271934509277,0.5879966616630554,-0.24931403994560242,0.9841489195823669,0.4234543442726135,0.5779369473457336,-0.2818833887577057,0.9558060765266418,0.5424458980560303,0.6302016973495483,0.0074803768657147884,0.9996337294578552,0.4722738265991211,0.6379167437553406,-0.0075673907995224,0.9992597103118896,0.6220505833625793,0.6250920295715332,-0.242145374417305,0.9763259887695312,0.4133780896663666,0.6519542932510376,-0.2459890991449356,0.9745121002197266,0.5770399570465088,0.7915074825286865,-0.084833063185215,0.9598472118377686,0.4606817662715912,0.7995890378952026,-0.0996600016951561,0.985689640045166,0.5612772107124329,0.8126670122146606,-0.0722174346446991,0.9448609352111816,0.4750741422176361,0.8195632100105286,-0.0868963748216629,0.956887423992157,0.6081867218017578,0.8593878149986267,-0.14370150864124298,0.9118286371231079,0.4436325132846832,0.8752648830413818,-0.16503086686134338,0.9652872085571289
down,0.5276783108711243,0.3956506848335266,-0.19970180094242096,0.9999980926513672,0.5344465374946594,0.3754952847957611,-0.1879904419183731,0.9999958872795105,0.5389553308486938,0.3754013478755951,-0.1880771815776825,0.9999954700469971,0.543257474899292,0.37524768710136414,-0.18820041418075562,0.9999940991401672,0.5195922255516052,0.37341544032096863,-0.19213034212589264,0.9999945759773254,0.5131292343139648,0.37192314863204956,-0.19210214912891388,0.9999939799308777,0.507560133934021,0.37063899636268616,-0.1920842081308365,0.9999906420707703,0.5473494529724121,0.37685996294021606,-0.10338275134563446,0.9999942183494568,0.4965071380138397,0.3721494674682617,-0.12277611345052719,0.9999939799308777,0.5340341329574585,0.4132236838340759,-0.16722320020198822,0.9999993443489075,0.5175057053565979,0.4141659140586853,-0.1723947823047638,0.9999993443489075,0.5767952799797058,0.4525695741176605,-0.06551184505224228,0.999994695186615,0.4547937512397766,0.4610675573348999,-0.0807039886713028,0.9999315142631531,0.6236997842788696,0.5309998393058777,-0.08851049095392227,0.9932760000228882,0.4189690947532654,0.5686004161834717,-0.1266256719827652,0.9805832505226135,0.655592679977417,0.5808184146881104,-0.24265746772289276,0.9922269582748413,0.4130251407623291,0.6045608520507812,-0.2773321568965912,0.9748715758323669,0.6735644936561584,0.5928241014480591,-0.2703397274017334,0.9865438938140869,0.40871062874794006,0.613246500492096,-0.30497121810913086,0.9665073752403259,0.663054347038269,0.5886920690536499,-0.2892645597457886,0.9865314364433289,0.41817551851272583,0.5830462574958801,-0.32008546590805054,0.9657669067382812,0.6533942818641663,0.5876619219779968,-0.25240927934646606,0.98365718126297,0.4234318137168884,0.578729510307312,-0.28565606474876404,0.9562087059020996,0.5424489378929138,0.6300691962242126,0.00744094792753458,0.9996055960655212,0.47230175137519836,0.6380369067192078,-0.007529093883931637,0.9992055892944336,0.6216253638267517,0.6248044371604919,-0.24240776896476746,0.9743664860725403,0.41306638717651367,0.6522389054298401,-0.24415737390518188,0.9725522398948669,0.5769608020782471,0.7920185327529907,-0.08638178557157516,0.957747220993042,0.4605438709259033,0.7997388243675232,-0.09789443016052246,0.9848331809043884,0.5610316395759583,0.8129820823669434,-0.07369949668645859,0.9437234997749329,0.4750872254371643,0.8200404644012451,-0.08543030172586441,0.9568345546722412,0.6085428595542908,0.8594009876251221,-0.14296181499958038,0.9082463979721069,0.4430995285511017,0.8752392530441284,-0.16247214376926422,0.9638336300849915
down,0.5276302099227905,0.39628851413726807,-0.20136475563049316,0.9999980926513672,0.5344396233558655,0.37627002596855164,-0.1902322620153427,0.9999958872795105,0.5389453172683716,0.37616103887557983,-0.1903199404478073,0.9999954104423523,0.5432543158531189,0.37597379088401794,-0.19044309854507446,0.9999940395355225,0.5195651650428772,0.3742324411869049,-0.19425852596759796,0.9999947547912598,0.5130985379219055,0.3727870583534241,-0.19423487782478333,0.9999940991401672,0.5075398087501526,0.37152448296546936,-0.19422297179698944,0.9999909400939941,0.547623336315155,0.37741780281066895,-0.10533253848552704,0.9999940395355225,0.4968017637729645,0.37282297015190125,-0.1253691464662552,0.9999942183494568,0.5339574217796326,0.4137265384197235,-0.16930417716503143,0.9999993443489075,0.5174086689949036,0.41483768820762634,-0.1743149608373642,0.9999993443489075,0.5767791271209717,0.4531809687614441,-0.06692313402891159,0.999994695186615,0.4550316631793976,0.4613039195537567,-0.08333925157785416,0.9999353289604187,0.6241710782051086,0.5320884585380554,-0.09374947100877762,0.9932965636253357,0.4193931818008423,0.5690978169441223,-0.12949170172214508,0.9813722372055054,0.6564493775367737,0.5804371237754822,-0.24913188815116882,0.9921466708183289,0.41426342725753784,0.6045323014259338,-0.2805560529232025,0.9762327075004578,0.6740731596946716,0.5925189852714539,-0.27721571922302246,0.9864296913146973,0.4083443284034729,0.6145244836807251,-0.3084876239299774,0.9682475328445435,0.6633902192115784,0.588552713394165,-0.2966279685497284,0.9863624572753906,0.418347030878067,0.5833523273468018,-0.323618620634079,0.967468798160553,0.6539672017097473,0.5874601602554321,-0.25913554430007935,0.9833981990814209,0.4236299395561218,0.5794962048530579,-0.2888247072696686,0.958128035068512,0.542589008808136,0.6308529376983643,0.007334989495575428,0.9995853900909424,0.472444623708725,0.638194739818573,-0.007438261527568102,0.9991868734359741,0.621663510799408,0.624755859375,-0.23314301669597626,0.9722294211387634,0.41263628005981445,0.6512022614479065,-0.23438522219657898,0.9708376526832581,0.5767624378204346,0.7919795513153076,-0.0815918892621994,0.9554830193519592,0.46070247888565063,0.7990977764129639,-0.08955468982458115,0.9840084314346313,0.5606832504272461,0.8127487301826477,-0.06972433626651764,0.9422863721847534,0.47584763169288635,0.8193572759628296,-0.07734185457229614,0.9563606381416321,0.6085283756256104,0.8578622937202454,-0.13112680613994598,0.9044633507728577,0.4434744119644165,0.873950719833374,-0.14636898040771484,0.9623727202415466
down,0.527158796787262,0.3963668644428253,-0.1997361034154892,0.9999980926513672,0.5342037081718445,0.3762807250022888,-0.1889965832233429,0.9999958872795105,0.5387495756149292,0.3761252164840698,-0.1890924721956253,0.9999953508377075,0.5431583523750305,0.37588194012641907,-0.18922318518161774,0.9999939203262329,0.5188645124435425,0.37442129850387573,-0.19272230565547943,0.9999948740005493,0.512446403503418,0.37304651737213135,-0.19270025193691254,0.9999942183494568,0.5071249604225159,0.37184417247772217,-0.19269627332687378,0.9999911785125732,0.5478795766830444,0.3772699534893036,-0.10631795972585678,0.9999939799308777,0.4968971908092499,0.3729478418827057,-0.12405064702033997,0.9999944567680359,0.5337333083152771,0.4138144254684448,-0.16816513240337372,0.9999993443489075,0.5168063044548035,0.41508933901786804,-0.17264558374881744,0.9999993443489075,0.5770286917686462,0.45423686504364014,-0.06793161481618881,0.9999945163726807,0.4551237225532532,0.4618183672428131,-0.0844074934720993,0.9999381899833679,0.625359833240509,0.534935474395752,-0.09116822481155396,0.9931959509849548,0.4196397066116333,0.5716399550437927,-0.12592898309230804,0.981950044631958,0.6567941308021545,0.5807426571846008,-0.24500058591365814,0.9917728900909424,0.41417956352233887,0.6084182262420654,-0.274713933467865,0.9773783087730408,0.674220085144043,0.5929703712463379,-0.2719206213951111,0.9859000444412231,0.408225417137146,0.6180272102355957,-0.3019447326660156,0.9697611331939697,0.6636717915534973,0.5886795520782471,-0.2914597988128662,0.9857754707336426,0.41847681999206543,0.5844848155975342,-0.3169684112071991,0.9689635634422302,0.6544566750526428,0.5874241590499878,-0.2549857795238495,0.9826822876930237,0.4236832559108734,0.5812455415725708,-0.28278425335884094,0.9598382115364075,0.542725145816803,0.6315731406211853,0.007339152041822672,0.9995644688606262,0.4724923074245453,0.6385836601257324,-0.007443385664373636,0.9991687536239624,0.6216504573822021,0.624576210975647,-0.23444600403308868,0.9709221720695496,0.4123593866825104,0.6465842723846436,-0.2329884022474289,0.969756007194519,0.5763745307922363,0.7919759154319763,-0.08158440887928009,0.9537394046783447,0.4611608684062958,0.7983907461166382,-0.0898231789469719,0.9836941361427307,0.560004711151123,0.8127334713935852,-0.06928069144487381,0.941865086555481,0.47972676157951355,0.818374514579773,-0.07785075902938843,0.9571022391319275,0.6082376837730408,0.8576831221580505,-0.131172776222229,0.9018471837043762,0.44551345705986023,0.8717787861824036,-0.14851613342761993,0.9619677066802979
down,0.5266533493995667,0.3961544632911682,-0.19558975100517273,0.9999980926513672,0.5338782668113708,0.3760368525981903,-0.18464148044586182,0.9999958872795105,0.5384979844093323,0.3758600354194641,-0.1847423017024994,0.9999953508377075,0.5430098176002502,0.37559691071510315,-0.18488316237926483,0.9999939203262329,0.5180809497833252,0.37431228160858154,-0.18815317749977112,0.9999949932098389,0.5117326378822327,0.3729861080646515,-0.18813276290893555,0.9999942779541016,0.506608784198761,0.3718411326408386,-0.1881360411643982,0.9999913573265076,0.5480671525001526,0.37705326080322266,-0.10350468754768372,0.9999939799308777,0.4969354271888733,0.37301939725875854,-0.11937113851308823,0.9999946355819702,0.5335574150085449,0.41373348236083984,-0.16451004147529602,0.9999993443489075,0.516282320022583,0.41508376598358154,-0.16867901384830475,0.9999993443489075,0.577457845211029,0.4552609622478485,-0.06517675518989563,0.9999942183494568,0.45525068044662476,0.46252116560935974,-0.08245136588811874,0.999939501285553,0.6267077922821045,0.5377262234687805,-0.0871427059173584,0.9929680228233337,0.4196300506591797,0.5746634006500244,-0.12238377332687378,0.9823331236839294,0.6568303108215332,0.5810189247131348,-0.23717646300792694,0.991083025932312,0.4144391715526581,0.6088484525680542,-0.26729393005371094,0.9778303503990173,0.6742958426475525,0.5930731892585754,-0.2628711760044098,0.9848090410232544,0.4085003137588501,0.6191072463989258,-0.2933661937713623,0.9702572822570801,0.6637521386146545,0.5880746841430664,-0.2816392779350281,0.9846070408821106,0.418806791305542,0.5846108198165894,-0.30784788727760315,0.969373881816864,0.6544892191886902,0.5867292881011963,-0.24677897989749908,0.9812990427017212,0.4238700270652771,0.5814981460571289,-0.27511361241340637,0.9602136611938477,0.5428206324577332,0.6315311789512634,0.007347464095801115,0.9995503425598145,0.4726778268814087,0.6384987831115723,-0.00745435943827033,0.9991551637649536,0.6216684579849243,0.6245155334472656,-0.2329959273338318,0.9695916175842285,0.4118919372558594,0.6449923515319824,-0.23080772161483765,0.9688308835029602,0.5762686133384705,0.79188472032547,-0.08228158205747604,0.9517085552215576,0.4613548815250397,0.7969553470611572,-0.09037307649850845,0.9830750226974487,0.5595422983169556,0.8127077221870422,-0.06983095407485962,0.9409942030906677,0.4796040952205658,0.8169927597045898,-0.07835587114095688,0.9570119976997375,0.6081867218017578,0.8574960231781006,-0.13258787989616394,0.8990236520767212,0.44656285643577576,0.8699041604995728,-0.14884866774082184,0.9611014723777771
down,0.5265502333641052,0.39604291319847107,-0.19809097051620483,0.9999980926513672,0.5338039994239807,0.37590277194976807,-0.18674145638942719,0.9999958872795105,0.538453221321106,0.3757160007953644,-0.1868472844362259,0.9999952912330627,0.5429884791374207,0.3754514157772064,-0.18699641525745392,0.9999939203262329,0.5178105235099792,0.3742466866970062,-0.19046956300735474,0.9999949932098389,0.5114722847938538,0.3729538917541504,-0.19045716524124146,0.9999942779541016,0.506382405757904,0.3718557357788086,-0.190466046333313,0.9999914169311523,0.5482069849967957,0.37699440121650696,-0.10537456721067429,0.9999939203262329,0.4969569146633148,0.3732248544692993,-0.12188111245632172,0.9999947547912598,0.5335508584976196,0.41376569867134094,-0.16710898280143738,0.9999993443489075,0.5161411166191101,0.4151238799095154,-0.17149275541305542,0.9999993443489075,0.5778090357780457,0.45614153146743774,-0.06731162965297699,0.9999939203262329,0.4552847445011139,0.4637242257595062,-0.08593589812517166,0.9999384880065918,0.6281375885009766,0.5394449830055237,-0.09092902392148972,0.9927927851676941,0.4192429184913635,0.5805022716522217,-0.12491036206483841,0.9824721217155457,0.6572645902633667,0.5817810297012329,-0.23743893206119537,0.9905168414115906,0.41454288363456726,0.610722541809082,-0.2668454945087433,0.9777182340621948,0.6745902299880981,0.5931768417358398,-0.2620288133621216,0.9839223027229309,0.4087474048137665,0.6200265884399414,-0.29331961274147034,0.969990074634552,0.663966953754425,0.5877689123153687,-0.2813185453414917,0.9836353063583374,0.4190200865268707,0.5846430659294128,-0.30792683362960815,0.9689589738845825,0.6546523571014404,0.5864742994308472,-0.24605049192905426,0.980103611946106,0.42397981882095337,0.5816543698310852,-0.27486452460289,0.9595630168914795,0.5429518818855286,0.6318446397781372,0.007352979853749275,0.9995474219322205,0.4728653132915497,0.638674795627594,-0.007461819332093,0.9991594552993774,0.6217072010040283,0.6247314810752869,-0.23407293856143951,0.9686249494552612,0.4117714464664459,0.6461025476455688,-0.23502109944820404,0.9681827425956726,0.5760191679000854,0.7915617227554321,-0.08095422387123108,0.9500082731246948,0.46150022745132446,0.7969134449958801,-0.09082072973251343,0.9827840328216553,0.5583428144454956,0.8119330406188965,-0.06804303079843521,0.9399829506874084,0.47933775186538696,0.8167384266853333,-0.07856324315071106,0.9570690989494324,0.6077637672424316,0.8570831418037415,-0.1309657096862793,0.8968679308891296,0.44696420431137085,0.8693394064903259,-0.14904826879501343,0.9608273506164551
up,0.5234242081642151,-0.014483083039522171,-0.3906702399253845,0.999800443649292,0.5282256603240967,-0.0377177856862545,-0.3764990568161011,0.999678373336792,0.5325224995613098,-0.038568396121263504,-0.37659960985183716,0.9996623396873474,0.5367938280105591,-0.03874905779957771,-0.37670034170150757,0.9996699690818787,0.5149503946304321,-0.03644828870892525,-0.37677833437919617,0.9994837641716003,0.5103264451026917,-0.03658746927976608,-0.37674009799957275,0.9993520975112915,0.505700945854187,-0.0367964543402195,-0.37679800391197205,0.9992556571960449,0.5426862835884094,-0.039029501378536224,-0.2134733647108078,0.999624490737915,0.4972575604915619,-0.035685762763023376,-0.21311204135417938,0.9991282224655151,0.5260792374610901,0.008904765360057354,-0.3224949836730957,0.9998666048049927,0.5116549134254456,0.004780203104019165,-0.3228722810745239,0.9997897744178772,0.583445131778717,0.04550126567482948,-0.12975730001926422,0.9998693466186523,0.4573996365070343,0.046219274401664734,-0.13938957452774048,0.999710202217102,0.6146907806396484,0.1098967045545578,-0.4541778862476349,0.9655519723892212,0.42514362931251526,0.1111992672085762,-0.4440440237522125,0.9550831913948059,0.6168370246887207,0.07855305820703506,-0.8911009430885315,0.9798752069473267,0.4261522591114044,0.07267775386571884,-0.863579273223877,0.9717000722885132,0.6334241032600403,0.060151271522045135,-0.9821499586105347,0.969393253326416,0.4212515652179718,0.061713989824056625,-0.9505764245986938,0.9584484100341797,0.6256775259971619,0.047245968133211136,-0.9918585419654846,0.969317615032196,0.4292093813419342,0.05124930292367935,-0.9519992470741272,0.9577146172523499,0.6166480779647827,0.052928321063518524,-0.9089124798774719,0.9587645530700684,0.434536337852478,0.05714184045791626,-0.8779759407043457,0.9417445063591003,0.5489084720611572,0.36893430352211,-0.00042053405195474625,0.9996232390403748,0.4671196937561035,0.36460021138191223,0.0004872503341175616,0.9996117353439331,0.5490485429763794,0.5953178405761719,0.015046317130327225,0.9930797815322876,0.46888601779937744,0.5954985618591309,0.011937265284359455,0.9948104023933411,0.5625174641609192,0.7831037640571594,0.28535789251327515,0.9879531860351562,0.4698939919471741,0.7987282276153564,0.2493133395910263,0.9925770163536072,0.5566556453704834,0.8024236559867859,0.3017564117908478,0.9250432848930359,0.4780876338481903,0.819581925868988,0.26287636160850525,0.9205753803253174,0.5978219509124756,0.8473721146583557,0.1223808005452156,0.9799150824546814,0.44918933510780334,0.8766571879386902,0.07712613046169281,0.9851359128952026
up,0.5211304426193237,-0.0032658532727509737,-0.36886441707611084,0.9996037483215332,0.5293867588043213,-0.026695072650909424,-0.35819023847579956,0.9993064999580383,0.5343493223190308,-0.027532609179615974,-0.3582664728164673,0.999274730682373,0.5392526984214783,-0.028331736102700233,-0.3583635985851288,0.9992238283157349,0.5146937370300293,-0.026653770357370377,-0.35663536190986633,0.9989634156227112,0.5097324252128601,-0.02744443714618683,-0.3566257953643799,0.998794436454773,0.5048372745513916,-0.02823338843882084,-0.35670897364616394,0.9985949993133545,0.5463135838508606,-0.032742489129304886,-0.19489412009716034,0.9991246461868286,0.4975225031375885,-0.03262753784656525,-0.18605168163776398,0.9985082149505615,0.5277608036994934,0.02081601694226265,-0.29895302653312683,0.9997119307518005,0.5116219520568848,0.019182689487934113,-0.2972649037837982,0.9996104836463928,0.5865931510925293,0.045299213379621506,-0.0702839344739914,0.9997958540916443,0.45791223645210266,0.04274565726518631,-0.08683565258979797,0.999676525592804,0.6211082339286804,0.11881779134273529,-0.2801499664783478,0.9478123784065247,0.4249504506587982,0.11113528907299042,-0.3306937515735626,0.9514575004577637,0.6220003366470337,0.0833020955324173,-0.6222090125083923,0.9684547781944275,0.42283162474632263,0.06896055489778519,-0.7231853604316711,0.9689127802848816,0.6349716186523438,0.06671956926584244,-0.6893090605735779,0.9521676301956177,0.41878849267959595,0.06045161187648773,-0.7985758185386658,0.9525028467178345,0.6268124580383301,0.05225791409611702,-0.6989691257476807,0.9516464471817017,0.4250510632991791,0.048890672624111176,-0.8039103150367737,0.9516063928604126,0.6185285449028015,0.057229768484830856,-0.6352853178977966,0.9371767044067383,0.43104249238967896,0.054249200969934464,-0.736799955368042,0.9348551630973816,0.5510563850402832,0.36929935216903687,-0.002522337483242154,0.999533474445343,0.4672227203845978,0.3636341392993927,0.0025928420946002007,0.999553918838501,0.5543086528778076,0.5889108180999756,0.025977564975619316,0.9947442412376404,0.46523547172546387,0.5961194038391113,0.016078582033514977,0.9961932301521301,0.5686737895011902,0.7764950394630432,0.26520079374313354,0.9909813404083252,0.47000887989997864,0.7976938486099243,0.23468859493732452,0.9941602349281311,0.5628346800804138,0.8010134100914001,0.2791427969932556,0.9362010359764099,0.4787922501564026,0.818189263343811,0.24822229146957397,0.9322841763496399,0.5962240099906921,0.8470346927642822,0.10528700053691864,0.9860551953315735,0.45174217224121094,0.8733189702033997,0.07131726294755936,0.9891182780265808
up,0.5206841230392456,-0.004201670177280903,-0.3582236170768738,0.9995964169502258,0.5288500189781189,-0.027634842321276665,-0.3475361764431,0.9992715120315552,0.5338703393936157,-0.028567247092723846,-0.3476206362247467,0.9992452263832092,0.5388245582580566,-0.029456336051225662,-0.3477117419242859,0.9991815090179443,0.5141118764877319,-0.02727692574262619,-0.34374117851257324,0.998914361000061,0.5092153549194336,-0.02795003540813923,-0.3437328636646271,0.9987531304359436,0.5043805837631226,-0.028627721592783928,-0.34381499886512756,0.9985462427139282,0.5464949011802673,-0.03369075059890747,-0.18589599430561066,0.9990701675415039,0.4975734353065491,-0.03314768895506859,-0.16713277995586395,0.9984096884727478,0.5274258255958557,0.01784205250442028,-0.2897694408893585,0.9996886253356934,0.5111075043678284,0.016585638746619225,-0.28495827317237854,0.9995810985565186,0.587193489074707,0.0450577512383461,-0.06885219365358353,0.9997937083244324,0.4579451084136963,0.041259024292230606,-0.05752168223261833,0.9996878504753113,0.621354877948761,0.12214981019496918,-0.29793059825897217,0.9471555948257446,0.4246462881565094,0.11444508284330368,-0.2906375527381897,0.9512327909469604,0.6223000288009644,0.08346478641033173,-0.6594023704528809,0.9683605432510376,0.42050257325172424,0.07165373861789703,-0.6958663463592529,0.9700284004211426,0.6353898644447327,0.06678346544504166,-0.7299057245254517,0.9514994025230408,0.41361287236213684,0.06069738045334816,-0.7705033421516418,0.95379239320755,0.6269380450248718,0.052482347935438156,-0.7380442023277283,0.9508582353591919,0.4201955795288086,0.04981297627091408,-0.7760049700737,0.9530292749404907,0.6187365055084229,0.057469017803668976,-0.6720187664031982,0.9359444975852966,0.42688316106796265,0.05561203882098198,-0.7099384069442749,0.9369991421699524,0.5511636137962341,0.36872562766075134,-0.008397419936954975,0.9995233416557312,0.4672479033470154,0.36330580711364746,0.008433668874204159,0.9995532631874084,0.5556026697158813,0.5879771113395691,0.023100070655345917,0.9950056672096252,0.46423065662384033,0.5956063270568848,0.018820786848664284,0.9963206052780151,0.5703613758087158,0.776518702507019,0.26558586955070496,0.9914904236793518,0.4698809087276459,0.7973414063453674,0.23372863233089447,0.9943370223045349,0.564444899559021,0.800987184047699,0.28062817454338074,0.9370563626289368,0.47876814007759094,0.8178739547729492,0.2471836358308792,0.9336264133453369,0.5963333249092102,0.8471121788024902,0.10676353424787521,0.9869604706764221,0.45178380608558655,0.8728708028793335,0.073128841817379,0.9896138906478882
up,0.5193649530410767,-0.005122367758303881,-0.3598760664463043,0.9995816946029663,0.5272377133369446,-0.02854873612523079,-0.3503393828868866,0.9992265105247498,0.5322983264923096,-0.029517682269215584,-0.3504278063774109,0.9992049932479858,0.5373001098632812,-0.030435845255851746,-0.35052791237831116,0.9991291165351868,0.5124619603157043,-0.028007468208670616,-0.3450687825679779,0.998846709728241,0.5076308250427246,-0.028600668534636497,-0.3450539708137512,0.9986851811408997,0.5028620362281799,-0.02919435314834118,-0.3451277017593384,0.9984704852104187,0.5459423065185547,-0.034543827176094055,-0.19337382912635803,0.9990056753158569,0.49696263670921326,-0.0334940142929554,-0.16792334616184235,0.9982880353927612,0.5269978642463684,0.01671769842505455,-0.29188182950019836,0.9996633529663086,0.5102809071540833,0.015914564952254295,-0.2864580750465393,0.9995490908622742,0.5873818397521973,0.04501638934016228,-0.07401173561811447,0.9997910857200623,0.45776262879371643,0.04091667756438255,-0.05922693386673927,0.9996976256370544,0.6202604174613953,0.12544852495193481,-0.31252989172935486,0.9463493227958679,0.42368078231811523,0.11475598067045212,-0.2970311939716339,0.951767086982727,0.6213611960411072,0.0837600827217102,-0.6782750487327576,0.9681439399719238,0.4174349904060364,0.07271341979503632,-0.7034290432929993,0.9712941646575928,0.635498046875,0.06635606288909912,-0.7500625252723694,0.9507976770401001,0.40970972180366516,0.06079123541712761,-0.7786964774131775,0.955288290977478,0.6269470453262329,0.05238105729222298,-0.7579774260520935,0.9500837326049805,0.41606444120407104,0.05023687332868576,-0.7845407128334045,0.9546418190002441,0.6186295747756958,0.057472605258226395,-0.6911550164222717,0.934697151184082,0.42347094416618347,0.05577867105603218,-0.7178903222084045,0.9392876029014587,0.5512053370475769,0.36849719285964966,-0.010451818816363811,0.9995139837265015,0.4672594666481018,0.36336398124694824,0.010499086230993271,0.9995512962341309,0.5568679571151733,0.5876418352127075,0.01096931379288435,0.995201587677002,0.4637925624847412,0.5957127213478088,0.020002933219075203,0.9963923096656799,0.5711580514907837,0.7769094109535217,0.25963646173477173,0.9918473958969116,0.4698641300201416,0.7973803877830505,0.23673471808433533,0.9944397211074829,0.5653382539749146,0.8013363480567932,0.27523037791252136,0.9370697140693665,0.4787978231906891,0.8179348707199097,0.250383198261261,0.9341064095497131,0.5967369675636292,0.8472661972045898,0.0999298021197319,0.9876328110694885,0.45178014039993286,0.8731876611709595,0.07497716695070267,0.989936113357544
up,0.5179373025894165,-0.00782819651067257,-0.34232619404792786,0.9995825290679932,0.5256369709968567,-0.031048238277435303,-0.33220240473747253,0.99922114610672,0.5306911468505859,-0.03211929276585579,-0.33230650424957275,0.9992014169692993,0.5356863141059875,-0.03311340883374214,-0.3323993682861328,0.999125063419342,0.5108616948127747,-0.03002532757818699,-0.3247837722301483,0.9988259673118591,0.5061047077178955,-0.030404284596443176,-0.32477253675460815,0.9986544251441956,0.50141441822052,-0.030785437673330307,-0.3248463273048401,0.9984492063522339,0.5451480150222778,-0.036601848900318146,-0.17914611101150513,0.9989818334579468,0.4962495267391205,-0.034263577312231064,-0.1433907300233841,0.9982119202613831,0.5266203880310059,0.016636217013001442,-0.27688220143318176,0.9996514916419983,0.509217381477356,0.012690676376223564,-0.2674866020679474,0.9995311498641968,0.5872412323951721,0.04503391310572624,-0.07414521276950836,0.999795138835907,0.4574114680290222,0.03956097736954689,-0.039071593433618546,0.9997090697288513,0.6200159788131714,0.12461857497692108,-0.3272659182548523,0.946976900100708,0.4216529130935669,0.11478080600500107,-0.27778708934783936,0.9534689784049988,0.6208962202072144,0.08380501717329025,-0.7151343822479248,0.9688457250595093,0.413326233625412,0.07497262954711914,-0.6872373223304749,0.973098635673523,0.6348751187324524,0.06587822735309601,-0.7919668555259705,0.9515189528465271,0.4054066240787506,0.060993801802396774,-0.7634871602058411,0.9576371312141418,0.626373827457428,0.05205748975276947,-0.7978633642196655,0.9507248997688293,0.41273823380470276,0.05051323398947716,-0.7685698866844177,0.9571263790130615,0.6181618571281433,0.0572313629090786,-0.727733850479126,0.9352220892906189,0.4193504750728607,0.056603237986564636,-0.7015281319618225,0.9427886009216309,0.5510104298591614,0.3670952618122101,-0.01326608657836914,0.999502956867218,0.4671260416507721,0.3630228042602539,0.01330655999481678,0.9995391368865967,0.5574133992195129,0.5871554017066956,-0.00011734042345779017,0.9953223466873169,0.46363458037376404,0.5948145389556885,0.026815002784132957,0.9964175224304199,0.5712243318557739,0.7769534587860107,0.22860875725746155,0.992109477519989,0.469835489988327,0.7971705794334412,0.23114150762557983,0.9944595694541931,0.5655341148376465,0.8013344407081604,0.24188683927059174,0.9357442855834961,0.47878333926200867,0.8177545666694641,0.24235838651657104,0.9337047934532166,0.5967695713043213,0.8474022746086121,0.06408370286226273,0.9882380962371826,0.45177027583122253,0.8725747466087341,0.07277460396289825,0.9901694655418396
up,0.5144399404525757,-0.01659192517399788,-0.39654338359832764,0.9996042847633362,0.5222823023796082,-0.03992817550897598,-0.3855939209461212,0.9992599487304688,0.5274332165718079,-0.041108544915914536,-0.38569268584251404,0.9992458820343018,0.5325261354446411,-0.042191945016384125,-0.3857848346233368,0.9991686940193176,0.5072318315505981,-0.038363587111234665,-0.3765484392642975,0.998872697353363,0.5024660229682922,-0.03847690671682358,-0.37655285000801086,0.9987070560455322,0.4977685511112213,-0.03859834372997284,-0.37661316990852356,0.998508632183075,0.5431124567985535,-0.044438574463129044,-0.22437871992588043,0.9990385174751282,0.49354392290115356,-0.04017623886466026,-0.17923879623413086,0.9982656240463257,0.5254579782485962,0.013839327730238438,-0.3282819092273712,0.9996694326400757,0.5075209140777588,0.008318262174725533,-0.316316157579422,0.9995507597923279,0.5870896577835083,0.04428515583276749,-0.117405004799366,0.9998022317886353,0.4550989270210266,0.0385432168841362,-0.052306339144706726,0.9997210502624512,0.6180015206336975,0.12437134981155396,-0.39082035422325134,0.949234127998352,0.41950300335884094,0.11502157896757126,-0.29226550459861755,0.9559237957000732,0.6177364587783813,0.08394730091094971,-0.798035740852356,0.9699642658233643,0.4102485477924347,0.07895553112030029,-0.7437325119972229,0.9749148488044739,0.632244884967804,0.06561332941055298,-0.8810085654258728,0.9529218077659607,0.403238981962204,0.062389783561229706,-0.8258278369903564,0.9600200653076172,0.624126672744751,0.05175856500864029,-0.889096200466156,0.9521026611328125,0.41068586707115173,0.05103965848684311,-0.8316883444786072,0.9595772624015808,0.6149097084999084,0.05711007118225098,-0.8122443556785583,0.9365409016609192,0.4161514937877655,0.0580662339925766,-0.7593393325805664,0.9460975527763367,0.5507605075836182,0.36643800139427185,-0.01696542464196682,0.9994984269142151,0.4662972390651703,0.3628399074077606,0.017017625272274017,0.9995285868644714,0.5574290752410889,0.5874983072280884,-0.013934753835201263,0.9955636858940125,0.4632341265678406,0.594605028629303,0.04141474515199661,0.9965371489524841,0.5713359117507935,0.7778554558753967,0.2359941154718399,0.9925403594970703,0.4698583483695984,0.7968543767929077,0.28378918766975403,0.9945997595787048,0.5659554600715637,0.8013761043548584,0.25056904554367065,0.9364600777626038,0.47906577587127686,0.8173825144767761,0.29903581738471985,0.9352726936340332,0.596804141998291,0.8477723598480225,0.062415048480033875,0.9889774918556213,0.451736181974411,0.8722218871116638,0.11910408735275269,0.9905186891555786
up,0.5143836140632629,-0.016255982220172882,-0.3665122389793396,0.9996095299720764,0.5220466256141663,-0.0397888720035553,-0.3544311821460724,0.999276876449585,0.5271790027618408,-0.0409616082906723,-0.3545302152633667,0.9992637634277344,0.5322529673576355,-0.04203350096940994,-0.3546173870563507,0.9991894960403442,0.5069913268089294,-0.038321033120155334,-0.34888049960136414,0.9988920092582703,0.5022215843200684,-0.03848210722208023,-0.3488641381263733,0.9987228512763977,0.49751952290534973,-0.03865821287035942,-0.34892168641090393,0.9985333681106567,0.5426828861236572,-0.04456072673201561,-0.1961054652929306,0.9990615248680115,0.4929799735546112,-0.04027431458234787,-0.16697028279304504,0.9982865452766418,0.5248844027519226,0.009709019213914871,-0.2996707856655121,0.9996768236160278,0.507205605506897,0.004525857046246529,-0.292133629322052,0.999559760093689,0.5863839387893677,0.043980684131383896,-0.10739506781101227,0.9998035430908203,0.4542953372001648,0.03820229321718216,-0.058730460703372955,0.9997259974479675,0.6166763305664062,0.11971016228199005,-0.3820863664150238,0.9496493339538574,0.4192601442337036,0.11548503488302231,-0.31428980827331543,0.9573963284492493,0.6172245740890503,0.08136416226625443,-0.7847330570220947,0.970126748085022,0.40967294573783875,0.08039047569036484,-0.7430551648139954,0.9759323000907898,0.6311938762664795,0.06368780136108398,-0.8659051060676575,0.9533520936965942,0.403543621301651,0.06381386518478394,-0.8238155245780945,0.9613774418830872,0.622886061668396,0.050351597368717194,-0.872462272644043,0.9524534940719604,0.41062039136886597,0.05223743990063667,-0.8295410871505737,0.9610027074813843,0.614091694355011,0.05563152953982353,-0.7987226843833923,0.9369393587112427,0.4161536693572998,0.05974264442920685,-0.7582721710205078,0.9481357932090759,0.5503625869750977,0.36625924706459045,-0.017581889405846596,0.9994829893112183,0.46548834443092346,0.3628530502319336,0.0176596250385046,0.9995126724243164,0.5574254989624023,0.5875035524368286,-0.004027779679745436,0.9957359433174133,0.46224474906921387,0.5947573781013489,0.03948279842734337,0.9966432452201843,0.5716082453727722,0.7779378890991211,0.23471276462078094,0.9928688406944275,0.4698784351348877,0.7969424724578857,0.24847762286663055,0.9947316646575928,0.5662501454353333,0.801310658454895,0.24945460259914398,0.9366353750228882,0.4792172610759735,0.8174444437026978,0.260455846786499,0.9367917776107788,0.5968204736709595,0.8480263352394104,0.059752024710178375,0.9895440936088562,0.45170292258262634,0.87200528383255,0.08978268504142761,0.9908387064933777
up,0.5145478248596191,-0.013685700483620167,-0.357833594083786,0.9996371865272522,0.5221607089042664,-0.037089813500642776,-0.34649035334587097,0.9993376135826111,0.5272770524024963,-0.03816689923405647,-0.3465888500213623,0.9993197321891785,0.5323360562324524,-0.039138875901699066,-0.3466796875,0.9992548227310181,0.507114827632904,-0.035878658294677734,-0.34053492546081543,0.9989874958992004,0.5023028254508972,-0.03613158315420151,-0.34052956104278564,0.998826801776886,0.4975554943084717,-0.036395296454429626,-0.34059688448905945,0.9986628293991089,0.5423312187194824,-0.04199277609586716,-0.18969634175300598,0.9991334080696106,0.4924078583717346,-0.03835006803274155,-0.1655125617980957,0.9984508156776428,0.5243134498596191,0.009911644272506237,-0.2914338707923889,0.9997020363807678,0.5066816806793213,0.006270655896514654,-0.28351476788520813,0.9995986819267273,0.5854564309120178,0.04398437961935997,-0.10418971627950668,0.9998098015785217,0.45392847061157227,0.03831037878990173,-0.08373475074768066,0.9997414946556091,0.6168055534362793,0.11621591448783875,-0.40152689814567566,0.9501413702964783,0.4165668487548828,0.1082378402352333,-0.38248592615127563,0.9589395523071289,0.6171243190765381,0.07690194249153137,-0.804243803024292,0.9706103801727295,0.40907150506973267,0.07792432606220245,-0.7990519404411316,0.9759671092033386,0.6311018466949463,0.05960562825202942,-0.8881496787071228,0.9542044401168823,0.4039088785648346,0.06255796551704407,-0.8812877535820007,0.9612810611724854,0.6215497255325317,0.046327169984579086,-0.8935316205024719,0.9532678723335266,0.4110470712184906,0.052129752933979034,-0.8841222524642944,0.9609521627426147,0.6127285957336426,0.051568180322647095,-0.8186075091362,0.9380631446838379,0.416483610868454,0.05949413776397705,-0.8135190606117249,0.9484441876411438,0.5501644611358643,0.36650389432907104,-0.013398129492998123,0.9994873404502869,0.4651283621788025,0.3633933663368225,0.013407954014837742,0.9995229840278625,0.5574632287025452,0.5877612829208374,0.014873459003865719,0.9957978129386902,0.4618910551071167,0.5952802300453186,0.020702317357063293,0.9967507123947144,0.5714056491851807,0.7783175706863403,0.2589642107486725,0.993092954158783,0.46986955404281616,0.7975994944572449,0.22715403139591217,0.9948794841766357,0.5659488439559937,0.801510751247406,0.27309438586235046,0.9371494650840759,0.4792599081993103,0.8183416128158569,0.23923109471797943,0.9380390644073486,0.5968921184539795,0.8487355709075928,0.09858928620815277,0.9899098873138428,0.4515169858932495,0.8729482293128967,0.06774237751960754,0.9911336302757263
up,0.5147780776023865,-0.012894031591713428,-0.35505908727645874,0.9996601939201355,0.5222539305686951,-0.036133136600255966,-0.34283286333084106,0.9993903636932373,0.5273733139038086,-0.03725666180253029,-0.34292876720428467,0.9993682503700256,0.5324230790138245,-0.03826582804322243,-0.34302058815956116,0.9993149638175964,0.5071941614151001,-0.034706540405750275,-0.33978381752967834,0.9990662336349487,0.502378523349762,-0.03484578803181648,-0.3397485315799713,0.998908281326294,0.4976279139518738,-0.03498991206288338,-0.33980122208595276,0.9987668395042419,0.5420610904693604,-0.04121151193976402,-0.18408600986003876,0.9992012977600098,0.4923551678657532,-0.03672421723604202,-0.1690545231103897,0.9985873699188232,0.5243685841560364,0.010116001591086388,-0.28770941495895386,0.9997239112854004,0.5070372223854065,0.006250645034015179,-0.28353679180145264,0.9996306300163269,0.5849102139472961,0.043184880167245865,-0.10870227217674255,0.9998160600662231,0.4535767436027527,0.038127344101667404,-0.09351060539484024,0.9997552633285522,0.6149030327796936,0.11418566107749939,-0.42735499143600464,0.948279619216919,0.414843887090683,0.10497424751520157,-0.4019630253314972,0.96058589220047,0.6142717003822327,0.07671905308961868,-0.8550276160240173,0.9709673523902893,0.4080827534198761,0.07742374390363693,-0.8308008313179016,0.97593754529953,0.629374086856842,0.058369189500808716,-0.9452719688415527,0.9556069374084473,0.40376850962638855,0.06233719736337662,-0.9168901443481445,0.961329460144043,0.6197744011878967,0.045018378645181656,-0.9527695775032043,0.9547708630561829,0.41129058599472046,0.05226096883416176,-0.9184852242469788,0.961020827293396,0.6099576950073242,0.05072197690606117,-0.8715609312057495,0.9398572444915771,0.41670694947242737,0.059734854847192764,-0.8455348014831543,0.9486342072486877,0.5502060651779175,0.3665224313735962,-0.010563777759671211,0.9994956851005554,0.4651486277580261,0.36371850967407227,0.010556185618042946,0.9995285868644714,0.557595431804657,0.588010847568512,0.00853845477104187,0.9959434270858765,0.461810439825058,0.5965259075164795,0.021036073565483093,0.9968523383140564,0.5708782076835632,0.7783453464508057,0.26293057203292847,0.9932575225830078,0.46983596682548523,0.7983684539794922,0.24489422142505646,0.9949575066566467,0.5654672980308533,0.8016040325164795,0.2781449258327484,0.9373328685760498,0.4792494773864746,0.8194991946220398,0.2587094008922577,0.937595784664154,0.5966784358024597,0.8492307662963867,0.09925668686628342,0.9902234077453613,0.4514824151992798,0.873658299446106,0.08168485760688782,0.9913069605827332
up,0.5183358192443848,-0.00598662905395031,-0.352326899766922,0.9996798634529114,0.5255283117294312,-0.0292099229991436,-0.33957791328430176,0.999439001083374,0.5305013656616211,-0.03017899952828884,-0.3396630585193634,0.9994109869003296,0.5354152917861938,-0.031007127836346626,-0.33974677324295044,0.9993690848350525,0.5106433033943176,-0.028181828558444977,-0.33832329511642456,0.9991442561149597,0.5057347416877747,-0.028438720852136612,-0.3382767140865326,0.9989907741546631,0.5008985996246338,-0.028687939047813416,-0.3383215367794037,0.9988735914230347,0.5435327887535095,-0.03393610566854477,-0.18210794031620026,0.9992591142654419,0.4941811263561249,-0.030848991125822067,-0.17310525476932526,0.9987242817878723,0.5258058905601501,0.015471281483769417,-0.28579577803611755,0.9997433423995972,0.5095233917236328,0.010196615941822529,-0.2835841178894043,0.9996617436408997,0.5848067998886108,0.043782249093055725,-0.10927140712738037,0.9998129606246948,0.45349639654159546,0.039241403341293335,-0.11025048047304153,0.9997659921646118,0.615017831325531,0.1134757548570633,-0.4355964958667755,0.9443005323410034,0.41433271765708923,0.10364340990781784,-0.43233102560043335,0.9624009132385254,0.6137794852256775,0.07564747333526611,-0.857822060585022,0.9696415066719055,0.4078018069267273,0.07594455778598785,-0.8504394292831421,0.9758873581886292,0.6281158328056335,0.056485243141651154,-0.9457206726074219,0.9550045132637024,0.403678834438324,0.061422307044267654,-0.9364945888519287,0.9613697528839111,0.6181724667549133,0.043080832809209824,-0.9520456790924072,0.9541981220245361,0.4114084541797638,0.052221037447452545,-0.9361281991004944,0.9610642790794373,0.6085745096206665,0.04902491718530655,-0.8739330768585205,0.9392502903938293,0.41686466336250305,0.059601135551929474,-0.864237904548645,0.9487432241439819,0.5504589080810547,0.36739858984947205,-0.0051890285685658455,0.9995099306106567,0.46514782309532166,0.3653597831726074,0.0051465160213410854,0.9995367527008057,0.5579279661178589,0.5889438986778259,0.008256245404481888,0.9960988163948059,0.4617769122123718,0.6001933813095093,0.026170475408434868,0.9969368577003479,0.5706840753555298,0.7781068682670593,0.26699838042259216,0.9933843612670898,0.46982520818710327,0.7991783022880554,0.265917032957077,0.9950146675109863,0.5650923252105713,0.80161052942276,0.28285688161849976,0.9370911121368408,0.47923341393470764,0.8203057646751404,0.2809930741786957,0.9367040395736694,0.5959659814834595,0.8494263887405396,0.10530439764261246,0.9904797077178955,0.45153170824050903,0.8739405870437622,0.10666109621524811,0.991425633430481
down,0.520561933517456,0.4019356071949005,-0.15162572264671326,0.9999957084655762,0.5271367430686951,0.3803497552871704,-0.14094042778015137,0.9999913573265076,0.5316064953804016,0.3796386122703552,-0.141030952334404,0.9999909996986389,0.5359160304069519,0.37899109721183777,-0.14116838574409485,0.9999890327453613,0.5105003714561462,0.3806595802307129,-0.14376172423362732,0.999988317489624,0.5039961934089661,0.3800250291824341,-0.1437147557735443,0.999987006187439,0.4985998570919037,0.3793244957923889,-0.14371934533119202,0.9999820590019226,0.5414986610412598,0.38105693459510803,-0.06407357007265091,0.9999891519546509,0.4898563027381897,0.38142597675323486,-0.07700103521347046,0.9999865293502808,0.5284035801887512,0.4198293685913086,-0.12241091579198837,0.999997615814209,0.5101688504219055,0.4227926433086395,-0.1258288025856018,0.9999973773956299,0.5733524560928345,0.4595828056335449,-0.03305400535464287,0.999992847442627,0.4525406062602997,0.4645076096057892,-0.04147845134139061,0.9999237060546875,0.6209921836853027,0.5351053476333618,-0.06675931066274643,0.9939793348312378,0.4154415428638458,0.5611724257469177,-0.09910032153129578,0.9863045811653137,0.6495720148086548,0.5745493769645691,-0.22324372828006744,0.9933788180351257,0.4124301075935364,0.5884765982627869,-0.2549310624599457,0.9798575639724731,0.6665326952934265,0.585929274559021,-0.2492397129535675,0.98882657289505,0.40049681067466736,0.6028353571891785,-0.28062742948532104,0.9735577702522278,0.6545358896255493,0.5805203914642334,-0.26519444584846497,0.9886140823364258,0.41460391879081726,0.5804113745689392,-0.2912141680717468,0.9716396331787109,0.6454249024391174,0.5793734192848206,-0.23146185278892517,0.9847598075866699,0.422846257686615,0.5768823623657227,-0.26138073205947876,0.9601912498474121,0.5418804883956909,0.6317545175552368,0.005516331642866135,0.9995882511138916,0.47158753871917725,0.638824462890625,-0.005647499114274979,0.9991463422775269,0.615315318107605,0.6260400414466858,-0.23753052949905396,0.9796552062034607,0.4099392294883728,0.6428031325340271,-0.2231655865907669,0.9789391756057739,0.5744808316230774,0.7914469242095947,-0.10261020064353943,0.9643679857254028,0.45957058668136597,0.802301824092865,-0.09773582965135574,0.983978807926178,0.5584160089492798,0.8139763474464417,-0.0921487882733345,0.9470974802970886,0.47422152757644653,0.8206130862236023,-0.08916604518890381,0.952712893486023,0.6027708649635315,0.8612484931945801,-0.1588079184293747,0.9194841384887695,0.44292688369750977,0.8761231303215027,-0.15456783771514893,0.9618582129478455
down,0.5203416347503662,0.4024098515510559,-0.16851799190044403,0.9999961256980896,0.5269514322280884,0.38065773248672485,-0.1587291806936264,0.9999921917915344,0.5314021110534668,0.3798564672470093,-0.15881571173667908,0.9999918341636658,0.5357019305229187,0.3791351616382599,-0.158954456448555,0.999989926815033,0.5102124810218811,0.3811614513397217,-0.1612451821565628,0.9999895691871643,0.5037587285041809,0.3806282877922058,-0.16120776534080505,0.9999883770942688,0.4984612464904785,0.3799792230129242,-0.1612156182527542,0.9999837279319763,0.5413768887519836,0.3811294734477997,-0.08171742409467697,0.9999901056289673,0.48986735939979553,0.38205623626708984,-0.09321124851703644,0.9999880194664001,0.5283591747283936,0.4205384850502014,-0.13882900774478912,0.9999979734420776,0.51006019115448,0.42346805334091187,-0.1417674422264099,0.9999977946281433,0.5732342600822449,0.459675669670105,-0.045561689883470535,0.9999934434890747,0.4524676203727722,0.46602949500083923,-0.054436828941106796,0.9999273419380188,0.6213778853416443,0.5369047522544861,-0.07604250311851501,0.9940882921218872,0.4128972291946411,0.5721842646598816,-0.11034759134054184,0.9863409399986267,0.6494734287261963,0.5740153789520264,-0.23586325347423553,0.9933586716651917,0.4127981960773468,0.5902787446975708,-0.26615017652511597,0.9800512194633484,0.6672332286834717,0.5850461721420288,-0.2642609179019928,0.9886477589607239,0.40170350670814514,0.602898895740509,-0.29086926579475403,0.973662793636322,0.6548165678977966,0.5782090425491333,-0.2815225124359131,0.9883868098258972,0.4145811200141907,0.5798710584640503,-0.3008895814418793,0.9716967940330505,0.6453945636749268,0.5775142908096313,-0.245275616645813,0.9844955801963806,0.4228036403656006,0.5761082768440247,-0.27128762006759644,0.9602310061454773,0.5416913628578186,0.6318293213844299,0.005518088582903147,0.9995500445365906,0.4715786278247833,0.6388885378837585,-0.005647487472742796,0.999051570892334,0.6153620481491089,0.6260443329811096,-0.24545066058635712,0.977680504322052,0.4099501967430115,0.6467252969741821,-0.2238197922706604,0.9766917824745178,0.5744788646697998,0.7914450168609619,-0.10080794245004654,0.9610238671302795,0.45965901017189026,0.8026067018508911,-0.0920957624912262,0.9823186993598938,0.5585103034973145,0.8141784071922302,-0.09029045701026917,0.9447889924049377,0.4742930829524994,0.820612907409668,-0.0811636671423912,0.9509641528129578,0.6029857993125916,0.8594632744789124,-0.15493005514144897,0.9130162596702576,0.44372954964637756,0.8751619458198547,-0.14917799830436707,0.9584454894065857
down,0.5200565457344055,0.402458131313324,-0.1711905598640442,0.999996542930603,0.5267481207847595,0.3806861639022827,-0.16154877841472626,0.9999929666519165,0.5312011241912842,0.3798476755619049,-0.16163292527198792,0.9999926090240479,0.5355276465415955,0.37910744547843933,-0.1617688238620758,0.9999908208847046,0.5099546909332275,0.3812651038169861,-0.1638941764831543,0.999990701675415,0.503555178642273,0.38078638911247253,-0.16385407745838165,0.9999896287918091,0.4983292818069458,0.3801703155040741,-0.16385948657989502,0.9999852776527405,0.541339099407196,0.38105469942092896,-0.08491387963294983,0.9999909996986389,0.4898693263530731,0.38226354122161865,-0.09571965783834457,0.9999892711639404,0.5282597541809082,0.4207983911037445,-0.14164157211780548,0.9999983310699463,0.5098922848701477,0.4235602915287018,-0.1442996859550476,0.999998152256012,0.5730987787246704,0.4594663679599762,-0.04903789982199669,0.9999940395355225,0.45241779088974,0.467069536447525,-0.05640646070241928,0.9999306201934814,0.6213838458061218,0.5362865924835205,-0.07861395925283432,0.9942710995674133,0.4119660556316376,0.5728347897529602,-0.11190778017044067,0.9864585995674133,0.6494184136390686,0.5736565589904785,-0.24115055799484253,0.9934671521186829,0.4131447374820709,0.5896283388137817,-0.2720111906528473,0.980444610118866,0.667578399181366,0.584882915019989,-0.2690925598144531,0.9887112379074097,0.4018253982067108,0.6024922728538513,-0.29883426427841187,0.9740802645683289,0.6550615429878235,0.57784104347229,-0.2860916554927826,0.9884194731712341,0.41448813676834106,0.579486608505249,-0.30895912647247314,0.9720852971076965,0.6454402804374695,0.5772222280502319,-0.25027960538864136,0.9845545887947083,0.4227539896965027,0.5755746960639954,-0.27791768312454224,0.960689902305603,0.5416587591171265,0.6314098238945007,0.005518411751836538,0.9995352625846863,0.4715256690979004,0.6383649110794067,-0.0056471084244549274,0.9990043640136719,0.615403413772583,0.6260146498680115,-0.2500133514404297,0.9762025475502014,0.4099102318286896,0.6483070850372314,-0.2241109013557434,0.9749496579170227,0.5744724273681641,0.7914590835571289,-0.0999525785446167,0.9585802555084229,0.4596140682697296,0.8032836318016052,-0.09068058431148529,0.9809682965278625,0.5584500432014465,0.8142217993736267,-0.08899256587028503,0.9430201053619385,0.47419777512550354,0.8208075165748596,-0.0795464888215065,0.9492563605308533,0.6030111908912659,0.8592002987861633,-0.15401624143123627,0.9081504940986633,0.4437677562236786,0.8748676180839539,-0.14814803004264832,0.9556259512901306
down,0.5201534628868103,0.402371883392334,-0.17563623189926147,0.9999969005584717,0.5268895030021667,0.3808293640613556,-0.16585201025009155,0.9999935626983643,0.531384289264679,0.3799936771392822,-0.16593198478221893,0.9999932050704956,0.5357083082199097,0.37922266125679016,-0.16606256365776062,0.9999914765357971,0.5101232528686523,0.38143742084503174,-0.16828592121601105,0.9999915361404419,0.5036713480949402,0.3809487521648407,-0.16824756562709808,0.9999905824661255,0.498392790555954,0.3803326487541199,-0.168249249458313,0.999986469745636,0.5414531826972961,0.38111042976379395,-0.08838603645563126,0.9999916553497314,0.48989900946617126,0.3824010491371155,-0.09992222487926483,0.9999902248382568,0.5283645391464233,0.4208031892776489,-0.14573903381824493,0.9999985694885254,0.5100092887878418,0.42357948422431946,-0.1486554592847824,0.9999983906745911,0.5729273557662964,0.45919811725616455,-0.053918156772851944,0.9999944567680359,0.45261237025260925,0.46696585416793823,-0.06012389436364174,0.9999328851699829,0.6213584542274475,0.5358521342277527,-0.08602738380432129,0.9944363832473755,0.4122507870197296,0.5711744427680969,-0.11888733506202698,0.98627108335495,0.6494097709655762,0.5734797120094299,-0.24532876908779144,0.9936375617980957,0.41340699791908264,0.5864688754081726,-0.2823384702205658,0.9805797934532166,0.6677033305168152,0.5845593214035034,-0.2730463743209839,0.9888924956321716,0.40182220935821533,0.6004342436790466,-0.31026339530944824,0.9742475152015686,0.655137300491333,0.5776057243347168,-0.2901396155357361,0.9885841012001038,0.4145188629627228,0.5780242681503296,-0.3206721246242523,0.9722252488136292,0.6454281806945801,0.5768598914146423,-0.25413212180137634,0.984783947467804,0.4228850305080414,0.5736957788467407,-0.28879421949386597,0.9608302116394043,0.5414667725563049,0.6312981843948364,0.005507741589099169,0.999519407749176,0.47144100069999695,0.6381075978279114,-0.0056348759680986404,0.9989650249481201,0.6153151392936707,0.6257797479629517,-0.2501446306705475,0.9747067093849182,0.4098910391330719,0.6490786075592041,-0.2264043688774109,0.9732293486595154,0.574485182762146,0.7912348508834839,-0.0999489575624466,0.9563081860542297,0.45952266454696655,0.8033255338668823,-0.09012486040592194,0.9795244932174683,0.5584531426429749,0.8142193555831909,-0.08852072060108185,0.9412052035331726,0.4740876853466034,0.8207507133483887,-0.07883600890636444,0.9471340179443359,0.6030604839324951,0.8588438034057617,-0.1534099131822586,0.9035009145736694,0.44371044635772705,0.874804675579071,-0.14757804572582245,0.9525769948959351
down,0.5204426646232605,0.4021497368812561,-0.1753620058298111,0.999997079372406,0.5271879434585571,0.380840927362442,-0.1655321717262268,0.9999939203262329,0.5317311882972717,0.3800179660320282,-0.16561312973499298,0.9999935626983643,0.5360229015350342,0.3792431652545929,-0.16574636101722717,0.9999918937683105,0.5104373693466187,0.38147714734077454,-0.16797809302806854,0.9999920129776001,0.5038802623748779,0.3809949457645416,-0.1679420918226242,0.9999911785125732,0.49850574135780334,0.38040071725845337,-0.16794614493846893,0.9999871850013733,0.541702151298523,0.38118627667427063,-0.08768145740032196,0.9999920129776001,0.48996615409851074,0.38250046968460083,-0.0994139015674591,0.9999908208847046,0.5286509394645691,0.42058494687080383,-0.14552874863147736,0.9999988079071045,0.5102440118789673,0.4234534800052643,-0.14857695996761322,0.9999986290931702,0.5728867053985596,0.4592643082141876,-0.053931668400764465,0.9999945759773254,0.45308905839920044,0.4667906165122986,-0.0604139007627964,0.9999328851699829,0.6217538118362427,0.535660982131958,-0.0869801864027977,0.9944935441017151,0.4135534167289734,0.5649831891059875,-0.12041495740413666,0.985619306564331,0.6493921279907227,0.5741733908653259,-0.24521178007125854,0.9935808181762695,0.41364777088165283,0.5836957693099976,-0.28303617238998413,0.9797810316085815,0.667661190032959,0.5843865275382996,-0.27238717675209045,0.9886621236801147,0.40184247493743896,0.5971190333366394,-0.3106518089771271,0.9731926321983337,0.6548985838890076,0.5779387354850769,-0.2889209985733032,0.9883206486701965,0.41485750675201416,0.5763166546821594,-0.32082599401474,0.9710320234298706,0.6452555060386658,0.5773870944976807,-0.25372910499572754,0.9844715595245361,0.42331603169441223,0.572645366191864,-0.28945112228393555,0.9591988921165466,0.5413304567337036,0.6314901113510132,0.005518402438610792,0.9994947910308838,0.4714420735836029,0.6381468176841736,-0.005645777098834515,0.9989215731620789,0.6151759624481201,0.6254024505615234,-0.24893902242183685,0.972932755947113,0.40995702147483826,0.6486427187919617,-0.22835201025009155,0.9713538885116577,0.5745114684104919,0.7911057472229004,-0.09947796911001205,0.9535586833953857,0.45943039655685425,0.8029938340187073,-0.09048528969287872,0.9780834913253784,0.558409571647644,0.8142224550247192,-0.08795192092657089,0.9390409588813782,0.47393909096717834,0.8206515312194824,-0.07936093211174011,0.9447925090789795,0.6031948328018188,0.8585318326950073,-0.1525324434041977,0.8984452486038208,0.4436933100223541,0.8747801780700684,-0.14855796098709106,0.9495964050292969
down,0.5205290913581848,0.40199562907218933,-0.1659611463546753,0.9999973177909851,0.5273702144622803,0.3807470202445984,-0.1558375060558319,0.9999943971633911,0.5319568514823914,0.37992677092552185,-0.1559128314256668,0.9999940395355225,0.5362488627433777,0.37916502356529236,-0.15603795647621155,0.9999924302101135,0.5105211734771729,0.38147565722465515,-0.15801359713077545,0.9999926090240479,0.5039228200912476,0.38103464245796204,-0.15797334909439087,0.9999918341636658,0.498529314994812,0.3804663121700287,-0.15797877311706543,0.9999880790710449,0.5420730710029602,0.38125312328338623,-0.08047255873680115,0.9999925494194031,0.49005839228630066,0.3826695680618286,-0.09100303798913956,0.9999915957450867,0.5288170576095581,0.42043861746788025,-0.13746006786823273,0.9999989867210388,0.5102972388267517,0.423414409160614,-0.1401258111000061,0.9999988675117493,0.5729761719703674,0.4599014222621918,-0.047909051179885864,0.9999948143959045,0.45364466309547424,0.46674928069114685,-0.054734472185373306,0.9999347925186157,0.6223679184913635,0.5371066927909851,-0.07971648126840591,0.9945823550224304,0.4141717851161957,0.5619425773620605,-0.11351975053548813,0.985395073890686,0.6497790217399597,0.5749649405479431,-0.2349594086408615,0.9935352206230164,0.41367238759994507,0.5824366211891174,-0.2734139859676361,0.9793729186058044,0.6676291227340698,0.5842368602752686,-0.2609213888645172,0.9884912371635437,0.40179958939552307,0.595781683921814,-0.3003247082233429,0.97260981798172,0.65484219789505,0.5779527425765991,-0.27733343839645386,0.9881099462509155,0.41504091024398804,0.5764828324317932,-0.3100283741950989,0.9703320264816284,0.6451744437217712,0.5775581002235413,-0.24332751333713531,0.9842162728309631,0.423589289188385,0.5723161101341248,-0.2796650528907776,0.9583343267440796,0.5412911772727966,0.6316352486610413,0.005529308225959539,0.9994844198226929,0.471454381942749,0.6381326913833618,-0.005656581372022629,0.9989027380943298,0.6146301031112671,0.6252428889274597,-0.24136580526828766,0.9722267985343933,0.4100315570831299,0.6480613946914673,-0.21958111226558685,0.9706165194511414,0.5745230913162231,0.7910401821136475,-0.09923256933689117,0.9526556134223938,0.4593701660633087,0.802497148513794,-0.09058262407779694,0.9774837493896484,0.558441162109375,0.814177393913269,-0.08824972808361053,0.9382583498954773,0.473863810300827,0.8205777406692505,-0.08011766523122787,0.9442052841186523,0.6032847762107849,0.8584752082824707,-0.15266358852386475,0.8966960310935974,0.44362637400627136,0.8747653961181641,-0.14905743300914764,0.948550820350647
down,0.5205416679382324,0.4019175171852112,-0.16399623453617096,0.999997615814209,0.527474045753479,0.3806755244731903,-0.15396453440189362,0.9999949336051941,0.5320748686790466,0.37985363602638245,-0.15404018759727478,0.9999945759773254,0.5363683104515076,0.37910333275794983,-0.15416118502616882,0.999993085861206,0.5105511546134949,0.3814815580844879,-0.1561610996723175,0.9999933242797852,0.5039463043212891,0.38107216358184814,-0.15612392127513885,0.9999926686286926,0.49855637550354004,0.3805181682109833,-0.15613164007663727,0.9999892115592957,0.5423164367675781,0.38128867745399475,-0.0794055238366127,0.9999931454658508,0.4902118444442749,0.38273704051971436,-0.08991248160600662,0.9999924302101135,0.528891921043396,0.4203677773475647,-0.13582083582878113,0.9999991059303284,0.5102987885475159,0.42343705892562866,-0.13849881291389465,0.9999990463256836,0.5730336904525757,0.4606342911720276,-0.046835511922836304,0.9999950528144836,0.45383501052856445,0.4668125808238983,-0.05425311252474785,0.9999383687973022,0.6226047873497009,0.537716269493103,-0.07829513400793076,0.9947397708892822,0.41442376375198364,0.5620104074478149,-0.11092226207256317,0.9856948256492615,0.6497238278388977,0.576023519039154,-0.23414474725723267,0.9935956001281738,0.413677841424942,0.5823975205421448,-0.2693376839160919,0.9799575209617615,0.6674140691757202,0.584518313407898,-0.26034846901893616,0.9885472655296326,0.4018090069293976,0.5957069993019104,-0.2962222993373871,0.9733306765556335,0.6543655395507812,0.5782223343849182,-0.27698975801467896,0.9881309866905212,0.41512545943260193,0.577229917049408,-0.3059985637664795,0.9710627198219299,0.6446654796600342,0.5780409574508667,-0.24266129732131958,0.9842584133148193,0.4237193167209625,0.5721979141235352,-0.27553096413612366,0.9594629406929016,0.5412128567695618,0.6319561004638672,0.005520827602595091,0.999489963054657,0.47144994139671326,0.6381015181541443,-0.005649036727845669,0.9989262223243713,0.6139693260192871,0.6252419948577881,-0.2307610660791397,0.9721616506576538,0.41024547815322876,0.6472904086112976,-0.21518245339393616,0.970847487449646,0.5745274424552917,0.7908973693847656,-0.09500506520271301,0.9532991051673889,0.459347128868103,0.8021544814109802,-0.09134448319673538,0.9778539538383484,0.5584442019462585,0.8140281438827515,-0.085138700902462,0.9391242861747742,0.47379451990127563,0.8204715847969055,-0.08229871839284897,0.9455413222312927,0.6033120155334473,0.8584643602371216,-0.14731542766094208,0.8978645205497742,0.4435902535915375,0.8747859597206116,-0.1493857055902481,0.949573278427124
down,0.5205707550048828,0.4019424021244049,-0.16357187926769257,0.9999978542327881,0.5275338888168335,0.38070160150527954,-0.15351241827011108,0.9999953508377075,0.5321289300918579,0.3798750936985016,-0.1535922735929489,0.9999949932098389,0.536421537399292,0.37913748621940613,-0.1537143886089325,0.999993622303009,0.5106353163719177,0.38155707716941833,-0.15587924420833588,0.9999938607215881,0.5040334463119507,0.38115423917770386,-0.1558428704738617,0.9999933242797852,0.4986402988433838,0.38059401512145996,-0.15585261583328247,0.9999900460243225,0.5424194931983948,0.381376177072525,-0.0786951407790184,0.9999936819076538,0.49035489559173584,0.38279762864112854,-0.08981825411319733,0.999993085861206,0.5289298892021179,0.4204300343990326,-0.1353072226047516,0.9999992251396179,0.5103059411048889,0.42351678013801575,-0.1381993591785431,0.9999991655349731,0.5730553865432739,0.46108952164649963,-0.04632515087723732,0.999995231628418,0.4538268744945526,0.46714451909065247,-0.05418667197227478,0.9999409914016724,0.622689425945282,0.5380460619926453,-0.07875297963619232,0.9948808550834656,0.41376549005508423,0.5663296580314636,-0.11008846759796143,0.9859622716903687,0.6496387720108032,0.5763965249061584,-0.235796257853508,0.9936876893043518,0.4136556386947632,0.5825933814048767,-0.26751837134361267,0.9804167747497559,0.6672409176826477,0.5847727656364441,-0.26211267709732056,0.9886885285377502,0.40186846256256104,0.5958982110023499,-0.29404139518737793,0.9739409685134888,0.6540195941925049,0.5786073207855225,-0.27863216400146484,0.9882453083992004,0.4151464104652405,0.5775997638702393,-0.30394044518470764,0.9716813564300537,0.6442654728889465,0.5784253478050232,-0.24427123367786407,0.984399139881134,0.42376190423965454,0.5725297331809998,-0.2736537456512451,0.9604026675224304,0.5411345958709717,0.6324100494384766,0.005508020054548979,0.9994934797286987,0.47143885493278503,0.6381250023841858,-0.005636633839458227,0.9989452958106995,0.6135963201522827,0.625206708908081,-0.22904781997203827,0.9718306064605713,0.41043737530708313,0.646632969379425,-0.21503305435180664,0.9708369970321655,0.5745261311531067,0.790878415107727,-0.09367547929286957,0.953533411026001,0.4593682289123535,0.8019730448722839,-0.09260919690132141,0.9781344532966614,0.5582987666130066,0.8139886260032654,-0.08390280604362488,0.9400287866592407,0.473807692527771,0.8203675150871277,-0.0839456096291542,0.9468650817871094,0.6034231185913086,0.8584656119346619,-0.14581967890262604,0.8982906937599182,0.44375357031822205,0.8747705817222595,-0.15058937668800354,0.9503421783447266
up,0.5132521390914917,-0.018091142177581787,-0.37484559416770935,0.9999434947967529,0.5223582983016968,-0.05149191617965698,-0.35888227820396423,0.9998976588249207,0.5271183252334595,-0.04991066828370094,-0.3589668571949005,0.999897837638855,0.5318397283554077,-0.05070672184228897,-0.35903918743133545,0.999893844127655,0.5078710317611694,-0.04811505228281021,-0.3532908260822296,0.9998252987861633,0.502348780632019,-0.045231498777866364,-0.3532451391220093,0.999785304069519,0.4977951645851135,-0.04767632111907005,-0.35327407717704773,0.9997501969337463,0.5401487946510315,-0.051596660166978836,-0.1954764723777771,0.9998883605003357,0.49355271458625793,-0.0461835041642189,-0.16762103140354156,0.9996817708015442,0.5225797891616821,-0.0008576235850341618,-0.30810749530792236,0.999952495098114,0.5083819031715393,-0.00606961315497756,-0.30118414759635925,0.9999239444732666,0.5820265412330627,0.04406996816396713,-0.11133972555398941,0.9999545812606812,0.4544065594673157,0.03686676546931267,-0.07587675750255585,0.9997346997261047,0.6228318810462952,0.10950583219528198,-0.4069107472896576,0.9868935942649841,0.41510897874832153,0.1162944883108139,-0.35768383741378784,0.9760446548461914,0.6207643747329712,0.08033788204193115,-0.8148680329322815,0.9903283715248108,0.4211530089378357,0.08048874884843826,-0.7844284176826477,0.9793251752853394,0.6345523595809937,0.06445667892694473,-0.901333749294281,0.9818921685218811,0.42171502113342285,0.060309719294309616,-0.8718742728233337,0.964918851852417,0.6262975335121155,0.051430027931928635,-0.9111559987068176,0.98163241147995,0.4322498142719269,0.045317407697439194,-0.8709708452224731,0.964102566242218,0.6181478500366211,0.05734432488679886,-0.8302737474441528,0.9736918210983276,0.43784672021865845,0.05340110883116722,-0.7979846596717834,0.9513548016548157,0.5469236969947815,0.3641611933708191,-0.013170239515602589,0.9997527599334717,0.4651612937450409,0.3628268241882324,0.013218970037996769,0.999647855758667,0.5609191060066223,0.5872204899787903,-0.021378926932811737,0.9924235343933105,0.45393428206443787,0.5928460955619812,-0.012973117642104626,0.9943729639053345,0.5704208016395569,0.7837339639663696,0.2559574544429779,0.9853593707084656,0.4609169661998749,0.8013805150985718,0.21445363759994507,0.9914913773536682,0.5635007619857788,0.8053703904151917,0.27244263887405396,0.9218393564224243,0.46992039680480957,0.8203391432762146,0.2272668480873108,0.9230312705039978,0.59857577085495,0.8528108596801758,0.0801922157406807,0.9733977317810059,0.4479463994503021,0.8775816559791565,0.04147282987833023,0.9812664985656738
down,0.5274649858474731,0.3975227177143097,-0.13495060801506042,0.9999926090240479,0.5342178344726562,0.37475448846817017,-0.12434414774179459,0.999988317489624,0.5389242768287659,0.37384146451950073,-0.124449722468853,0.9999879598617554,0.5431960225105286,0.37293386459350586,-0.12457625567913055,0.9999867081642151,0.519573986530304,0.3746161460876465,-0.12863649427890778,0.9999827742576599,0.5130006074905396,0.37335097789764404,-0.12860943377017975,0.9999785423278809,0.5069201588630676,0.3721392750740051,-0.12863457202911377,0.9999715089797974,0.5476328134536743,0.3719163239002228,-0.04773210734128952,0.9999874830245972,0.495741605758667,0.3718167841434479,-0.06687269359827042,0.9999760985374451,0.5342156887054443,0.4134262204170227,-0.10565773397684097,0.9999959468841553,0.5168822407722473,0.41617825627326965,-0.11081639677286148,0.9999924302101135,0.5800933241844177,0.4523555338382721,-0.017909307032823563,0.9999908208847046,0.455674409866333,0.4600411057472229,-0.034180253744125366,0.9999439120292664,0.626759946346283,0.5344009399414062,-0.048343513160943985,0.9912457466125488,0.423818439245224,0.5770636200904846,-0.08583370596170425,0.988301157951355,0.6397613286972046,0.571841299533844,-0.21221031248569489,0.9915792942047119,0.4227989912033081,0.5863966941833496,-0.24581632018089294,0.9883639812469482,0.6556727886199951,0.5900547504425049,-0.24026520550251007,0.9866511225700378,0.41508835554122925,0.5968930721282959,-0.27308937907218933,0.9840677976608276,0.6444671750068665,0.5834111571311951,-0.2577284872531891,0.9861542582511902,0.42740875482559204,0.5704521536827087,-0.28604239225387573,0.9831814169883728,0.6366131901741028,0.5788404941558838,-0.22147437930107117,0.9819743037223816,0.4328550696372986,0.5664032101631165,-0.25310805439949036,0.9760805368423462,0.5479419827461243,0.6323556303977966,0.006866610608994961,0.9995625019073486,0.47918519377708435,0.6377061009407043,-0.006980517413467169,0.9992547631263733,0.6202582716941833,0.6258922219276428,-0.23101948201656342,0.9818386435508728,0.41400718688964844,0.6419200897216797,-0.21687333285808563,0.9825805425643921,0.5776483416557312,0.7931499481201172,-0.1117822453379631,0.9643393754959106,0.46217700839042664,0.8058043718338013,-0.12010049819946289,0.9854543805122375,0.5613282918930054,0.8151368498802185,-0.10341127961874008,0.9538472890853882,0.47640103101730347,0.8290388584136963,-0.11386387795209885,0.9552796483039856,0.6047272682189941,0.8623571395874023,-0.1626618504524231,0.9295674562454224,0.4431716799736023,0.8746262192726135,-0.18133090436458588,0.9670400023460388
down,0.5247697234153748,0.39715254306793213,-0.16234882175922394,0.9999949336051941,0.5321657061576843,0.37528669834136963,-0.15232586860656738,0.9999907612800598,0.5368213653564453,0.3745931386947632,-0.1524304747581482,0.9999902248382568,0.5412236452102661,0.37400344014167786,-0.1525670886039734,0.9999878406524658,0.5158378481864929,0.37578892707824707,-0.15622396767139435,0.9999883770942688,0.509421706199646,0.3752027451992035,-0.1562025099992752,0.9999865293502808,0.5043386816978455,0.37467676401138306,-0.15622563660144806,0.9999808669090271,0.5473437309265137,0.376365065574646,-0.07439804822206497,0.9999885559082031,0.49561065435409546,0.3760554790496826,-0.09193091094493866,0.9999864101409912,0.5326626896858215,0.4148848354816437,-0.13222408294677734,0.9999982714653015,0.5144628286361694,0.4176374077796936,-0.13693496584892273,0.9999972581863403,0.578852653503418,0.455307275056839,-0.04227333143353462,0.9999917149543762,0.4552929401397705,0.4639202654361725,-0.054934196174144745,0.9999296069145203,0.6266782283782959,0.5371186137199402,-0.07541505992412567,0.9916263818740845,0.4197959005832672,0.5935025811195374,-0.11667230725288391,0.9884872436523438,0.6424680948257446,0.5728167295455933,-0.23805485665798187,0.9913283586502075,0.42277979850769043,0.5876737833023071,-0.2828338146209717,0.9886631369590759,0.6580139398574829,0.5862666964530945,-0.2654232382774353,0.986183762550354,0.41802796721458435,0.5904880166053772,-0.3106899559497833,0.9847557544708252,0.6459000706672668,0.5804815292358398,-0.2819822430610657,0.9854764938354492,0.427683562040329,0.5642233490943909,-0.32024359703063965,0.9836613535881042,0.6380629539489746,0.5764111876487732,-0.24616500735282898,0.9810353517532349,0.4328995645046234,0.5609267354011536,-0.28860342502593994,0.9763447046279907,0.5480785369873047,0.6358941793441772,0.006665943190455437,0.9993967413902283,0.47961628437042236,0.6421502232551575,-0.006799283437430859,0.9988430738449097,0.6196293830871582,0.6253045201301575,-0.24350465834140778,0.9674273729324341,0.4116256535053253,0.6424949169158936,-0.22009356319904327,0.9644968509674072,0.577389657497406,0.7916886210441589,-0.11173882335424423,0.9372960925102234,0.461521178483963,0.8030009865760803,-0.10842089354991913,0.9728450179100037,0.5604950785636902,0.8149442672729492,-0.10057342797517776,0.9338125586509705,0.47609570622444153,0.8239975571632385,-0.09893530607223511,0.9425417184829712,0.6060140132904053,0.8603817820549011,-0.1614433377981186,0.8846014142036438,0.4442588984966278,0.8722662329673767,-0.16455069184303284,0.9446130394935608
down,0.5243361592292786,0.397691935300827,-0.1587848663330078,0.9999951720237732,0.5318862795829773,0.37580493092536926,-0.14949853718280792,0.9999910593032837,0.5365668535232544,0.3751591444015503,-0.14960339665412903,0.9999904632568359,0.5410041809082031,0.3746109902858734,-0.14973990619182587,0.9999880194664001,0.5152783393859863,0.3761574923992157,-0.15300893783569336,0.9999889135360718,0.5088493824005127,0.37550294399261475,-0.15298837423324585,0.9999872446060181,0.5038498640060425,0.37492889165878296,-0.1530095338821411,0.999981701374054,0.5472244620323181,0.3769090473651886,-0.07321307063102722,0.9999887347221375,0.49555739760398865,0.37618687748908997,-0.08911673724651337,0.9999872446060181,0.5323613882064819,0.41545769572257996,-0.1290484368801117,0.9999985098838806,0.5139408111572266,0.4181249141693115,-0.13333094120025635,0.9999976754188538,0.578389585018158,0.4551283121109009,-0.0415312685072422,0.9999918937683105,0.4556829333305359,0.4636871814727783,-0.05272543057799339,0.9999291300773621,0.6259520053863525,0.536135733127594,-0.07239848375320435,0.9919235110282898,0.42193323373794556,0.5890083312988281,-0.1119508370757103,0.9882955551147461,0.6425027847290039,0.5714991688728333,-0.2311367392539978,0.9917211532592773,0.42283639311790466,0.5871282815933228,-0.2756603956222534,0.9888210892677307,0.6583535075187683,0.5849320292472839,-0.2583383023738861,0.9867178201675415,0.41825294494628906,0.5901994109153748,-0.30290234088897705,0.9850284457206726,0.6457585096359253,0.5799451470375061,-0.274932324886322,0.9860605597496033,0.4277580976486206,0.5639378428459167,-0.31397685408592224,0.9839690923690796,0.6378522515296936,0.57610023021698,-0.23931044340133667,0.981826901435852,0.43291619420051575,0.5604823231697083,-0.28205353021621704,0.976780116558075,0.5476362705230713,0.6363989114761353,0.0067694359458982944,0.9993642568588257,0.479576051235199,0.6426833868026733,-0.0068992250598967075,0.9987639784812927,0.6193782687187195,0.6250266432762146,-0.23937556147575378,0.9657119512557983,0.41179075837135315,0.6424022912979126,-0.21774719655513763,0.962071418762207,0.5773317217826843,0.7915310263633728,-0.11302918940782547,0.9339428544044495,0.46161314845085144,0.802175760269165,-0.10833800584077835,0.9707589149475098,0.5602368116378784,0.8148117065429688,-0.10224475711584091,0.9316840767860413,0.4761140048503876,0.8232153654098511,-0.09886401146650314,0.9402193427085876,0.6061156392097473,0.8594788312911987,-0.16243506968021393,0.8783429265022278,0.4449182152748108,0.8718534111976624,-0.16483469307422638,0.9405921697616577
down,0.5239714980125427,0.3978622853755951,-0.1491951197385788,0.9999953508377075,0.5314081907272339,0.3762279152870178,-0.13979209959506989,0.9999912977218628,0.5360769629478455,0.37560391426086426,-0.13990339636802673,0.9999906420707703,0.5404792428016663,0.37506183981895447,-0.14004500210285187,0.9999881982803345,0.5146417617797852,0.37639984488487244,-0.14340321719646454,0.9999893307685852,0.5082574486732483,0.37569016218185425,-0.14338234066963196,0.999987781047821,0.5033339858055115,0.3750835657119751,-0.14340385794639587,0.9999823570251465,0.5467394590377808,0.37717559933662415,-0.06460456550121307,0.9999889731407166,0.4954889416694641,0.3762945830821991,-0.08056764304637909,0.9999879002571106,0.5320714712142944,0.41571635007858276,-0.11992287635803223,0.9999986886978149,0.5134496688842773,0.4184247553348541,-0.12423790246248245,0.9999980330467224,0.5780032873153687,0.45508942008018494,-0.03434285148978233,0.9999921917915344,0.4557311236858368,0.4636358916759491,-0.046101849526166916,0.999928891658783,0.6251314282417297,0.5350856184959412,-0.06258109211921692,0.9922439455986023,0.42297953367233276,0.5885267853736877,-0.1021386906504631,0.9881119728088379,0.6423174738883972,0.5710492730140686,-0.21921081840991974,0.9920124411582947,0.42305588722229004,0.5870627164840698,-0.2627568542957306,0.9888766407966614,0.658749520778656,0.5850398540496826,-0.24600140750408173,0.9870849847793579,0.418610155582428,0.5910851955413818,-0.28943949937820435,0.9851492047309875,0.645491898059845,0.5800865292549133,-0.26252350211143494,0.9864698648452759,0.427817702293396,0.5640823841094971,-0.3011825680732727,0.9841256737709045,0.6375030875205994,0.5764006972312927,-0.227455273270607,0.9824309349060059,0.43293505907058716,0.5604841709136963,-0.2694874405860901,0.9770413637161255,0.5468356013298035,0.6369572877883911,0.006836447399109602,0.9993395209312439,0.4793437123298645,0.6432610750198364,-0.006959021091461182,0.9986979365348816,0.6190332770347595,0.6250479221343994,-0.23717746138572693,0.9645804762840271,0.41181108355522156,0.6424374580383301,-0.21695466339588165,0.9603932499885559,0.5772229433059692,0.7916603684425354,-0.11306171864271164,0.9310377240180969,0.4616604149341583,0.8023673892021179,-0.10800647735595703,0.9689860343933105,0.5598764419555664,0.814949095249176,-0.10245922952890396,0.9297040700912476,0.4759805500507355,0.8233876824378967,-0.09864738583564758,0.9380125403404236,0.6062591075897217,0.8588064312934875,-0.16244521737098694,0.8731128573417664,0.4452919661998749,0.871590793132782,-0.1649482697248459,0.9374472498893738
down,0.5234274864196777,0.39853575825691223,-0.14825259149074554,0.9999954700469971,0.5305140018463135,0.37695518136024475,-0.1390119194984436,0.9999912977218628,0.5351483225822449,0.37627825140953064,-0.13912101089954376,0.9999906420707703,0.5394514799118042,0.37569400668144226,-0.13926097750663757,0.9999881982803345,0.5135847926139832,0.3769972324371338,-0.142481729388237,0.9999895095825195,0.5073021054267883,0.376247763633728,-0.14245781302452087,0.9999880790710449,0.5023818612098694,0.375539630651474,-0.142480731010437,0.9999825358390808,0.5458654165267944,0.37734952569007874,-0.06415991485118866,0.9999889731407166,0.49518465995788574,0.37659627199172974,-0.07949219644069672,0.9999881982803345,0.5315356850624084,0.41618844866752625,-0.11911318451166153,0.9999988079071045,0.5128529667854309,0.4191432297229767,-0.12318307161331177,0.9999982714653015,0.5776801705360413,0.45517122745513916,-0.03325021639466286,0.9999924898147583,0.4557090997695923,0.4637410342693329,-0.04423947259783745,0.999928891658783,0.6241171360015869,0.5342905521392822,-0.061051879078149796,0.9924102425575256,0.4234498143196106,0.5884919166564941,-0.100831538438797,0.9879053831100464,0.6417614817619324,0.5710368156433105,-0.21852152049541473,0.9921634197235107,0.42319896817207336,0.5870150923728943,-0.26306983828544617,0.9888716340065002,0.6584935784339905,0.5857973694801331,-0.24549530446529388,0.9872893691062927,0.4185783863067627,0.5913347601890564,-0.2901696562767029,0.9852074384689331,0.6444936394691467,0.5814228653907776,-0.2626150846481323,0.9867116212844849,0.4277995228767395,0.5640211701393127,-0.30148184299468994,0.9842162132263184,0.6365756392478943,0.5779485106468201,-0.2270864099264145,0.9828072786331177,0.4329032599925995,0.5603453516960144,-0.26970046758651733,0.9771984815597534,0.5465008616447449,0.6372826099395752,0.006844279356300831,0.999322235584259,0.4791527986526489,0.643449068069458,-0.006965703796595335,0.9986391663551331,0.6185102462768555,0.6250237822532654,-0.2373495250940323,0.9641338586807251,0.4118349552154541,0.6430278420448303,-0.21555183827877045,0.9594235420227051,0.5771424174308777,0.7916854023933411,-0.11441679298877716,0.9292522072792053,0.46164971590042114,0.8025835156440735,-0.10700415819883347,0.9672661423683167,0.5597814321517944,0.8149473071098328,-0.1040324941277504,0.928205668926239,0.47527948021888733,0.823677122592926,-0.0977868065237999,0.9358788132667542,0.6063679456710815,0.8581058382987976,-0.164205402135849,0.8693234920501709,0.4453871250152588,0.8710156679153442,-0.16408716142177582,0.934363603591919
down,0.5227670669555664,0.3986128270626068,-0.15525273978710175,0.9999952912330627,0.5298489928245544,0.3772870898246765,-0.1460127830505371,0.9999910593032837,0.5345422625541687,0.3765944540500641,-0.1461229920387268,0.9999903440475464,0.5388128757476807,0.3759913444519043,-0.14626674354076385,0.999987781047821,0.5125871300697327,0.37718114256858826,-0.14918412268161774,0.9999894499778748,0.5064706206321716,0.37641194462776184,-0.14916037023067474,0.9999880194664001,0.5016301870346069,0.37566685676574707,-0.14918237924575806,0.9999824166297913,0.5454451441764832,0.3774596154689789,-0.0700693130493164,0.9999885559082031,0.49493271112442017,0.3767577111721039,-0.0838380679488182,0.9999881982803345,0.5309850573539734,0.4162672162055969,-0.12553463876247406,0.999998927116394,0.5122016668319702,0.41934934258461,-0.12907953560352325,0.9999984502792358,0.577419638633728,0.455168217420578,-0.03663231059908867,0.999992311000824,0.45564159750938416,0.4640873670578003,-0.047384463250637054,0.999927818775177,0.6235663294792175,0.5340008735656738,-0.06504373252391815,0.9923108816146851,0.4220408797264099,0.5925734639167786,-0.1032213643193245,0.9875331521034241,0.6414089798927307,0.5713865160942078,-0.22221772372722626,0.992031455039978,0.42296138405799866,0.5873198509216309,-0.2646952271461487,0.9887083768844604,0.6581421494483948,0.5878007411956787,-0.24936562776565552,0.9870427846908569,0.41840437054634094,0.5926651954650879,-0.29177308082580566,0.9850028157234192,0.6436254382133484,0.5827009081840515,-0.2660585641860962,0.986483097076416,0.42768704891204834,0.5644204616546631,-0.3028974235057831,0.984028160572052,0.635655403137207,0.5791311264038086,-0.23070362210273743,0.9825969934463501,0.43266892433166504,0.560504674911499,-0.27120986580848694,0.9769784808158875,0.5463600158691406,0.6378324031829834,0.006868346594274044,0.9992873072624207,0.47881320118904114,0.6443015933036804,-0.006984098814427853,0.9985706806182861,0.6182667016983032,0.6238117814064026,-0.2394535392522812,0.9633913040161133,0.41171321272850037,0.6405382752418518,-0.2189590334892273,0.958442211151123,0.5771181583404541,0.791636049747467,-0.11698734015226364,0.9270114898681641,0.46184760332107544,0.8023127913475037,-0.10985361784696579,0.9659813046455383,0.559749186038971,0.8148466348648071,-0.10646791011095047,0.9269862174987793,0.4753561019897461,0.8230801224708557,-0.10048409551382065,0.9349279999732971,0.6064542531967163,0.8572872877120972,-0.16892151534557343,0.8649499416351318,0.4455583691596985,0.8693317770957947,-0.16915296018123627,0.9317463636398315
down,0.5223066806793213,0.3986562192440033,-0.15334318578243256,0.9999952912330627,0.5294346809387207,0.3774222135543823,-0.144245907664299,0.9999911785125732,0.5341769456863403,0.3766786456108093,-0.14435051381587982,0.9999904036521912,0.5384634733200073,0.376042902469635,-0.14449258148670197,0.9999879002571106,0.512120246887207,0.3773108720779419,-0.14698438346385956,0.9999897480010986,0.5060720443725586,0.3765478730201721,-0.14695805311203003,0.999988317489624,0.5012526512145996,0.375783771276474,-0.1469828486442566,0.9999829530715942,0.5452868938446045,0.3774746358394623,-0.0693068578839302,0.9999886751174927,0.49478715658187866,0.37692028284072876,-0.08111334592103958,0.9999886155128479,0.5306254625320435,0.4163524806499481,-0.12409733980894089,0.9999990463256836,0.5118691921234131,0.41956600546836853,-0.12708675861358643,0.9999986290931702,0.5773798227310181,0.4554474949836731,-0.03529262915253639,0.999992311000824,0.45563846826553345,0.46433377265930176,-0.044122450053691864,0.999928891658783,0.6238035559654236,0.5359452962875366,-0.06315130740404129,0.9922603368759155,0.42074495553970337,0.5934945940971375,-0.10124540328979492,0.987490713596344,0.6410380601882935,0.5720168948173523,-0.21940390765666962,0.991918683052063,0.42153123021125793,0.5865799784660339,-0.26445820927619934,0.9888157248497009,0.6569419503211975,0.5890340805053711,-0.24622704088687897,0.9867972731590271,0.4173213541507721,0.5916993021965027,-0.29160234332084656,0.9850728511810303,0.6426172256469727,0.5825174450874329,-0.26278156042099,0.9862382411956787,0.4274594187736511,0.5644999742507935,-0.3022185266017914,0.9840995669364929,0.6348277926445007,0.5789578557014465,-0.22768789529800415,0.9823080897331238,0.43223074078559875,0.5604907274246216,-0.2707866430282593,0.977118730545044,0.5462213754653931,0.6382202506065369,0.006873828358948231,0.9992589354515076,0.4785284996032715,0.6446985602378845,-0.006987870205193758,0.9985167384147644,0.6176269054412842,0.6222386956214905,-0.2390223890542984,0.9634478688240051,0.4114132225513458,0.6381387710571289,-0.21860896050930023,0.9580962657928467,0.5771188139915466,0.7916340827941895,-0.11888901144266129,0.9263418912887573,0.4624863862991333,0.8004539012908936,-0.11186625808477402,0.9649479985237122,0.5597487688064575,0.8147436380386353,-0.10895238816738129,0.9266148805618286,0.47603458166122437,0.8211440443992615,-0.10286732763051987,0.9346281886100769,0.6064016222953796,0.8571303486824036,-0.17214037477970123,0.8632041811943054,0.44633543491363525,0.8677712678909302,-0.17138591408729553,0.9299354553222656
up,0.5130485892295837,-0.020537592470645905,-0.39544153213500977,0.9999333620071411,0.5225414037704468,-0.04837010055780411,-0.37949249148368835,0.9998735189437866,0.527463436126709,-0.04954655468463898,-0.37957850098609924,0.9998666644096375,0.5309927463531494,-0.047346338629722595,-0.3796533942222595,0.9998506307601929,0.5075535774230957,-0.04684963449835777,-0.3767223358154297,0.9998267889022827,0.5027551651000977,-0.04745497927069664,-0.376723051071167,0.9997975826263428,0.4993351995944977,-0.0493384525179863,-0.37673091888427734,0.9997707605361938,0.5381478667259216,-0.048220887780189514,-0.20319050550460815,0.9998365044593811,0.4933401644229889,-0.05265168845653534,-0.18919599056243896,0.9997400641441345,0.5217618346214294,-0.004900082014501095,-0.3227064609527588,0.9999313354492188,0.5066333413124084,-0.008350641466677189,-0.31924790143966675,0.9999153017997742,0.5795236229896545,0.042085759341716766,-0.08680688589811325,0.999935507774353,0.4513978064060211,0.038205500692129135,-0.0642332062125206,0.999828577041626,0.620058536529541,0.11000975966453552,-0.2741764187812805,0.9774337410926819,0.40760859847068787,0.13268335163593292,-0.23605836927890778,0.9709954261779785,0.625060498714447,0.10526642203330994,-0.6092714071273804,0.979642391204834,0.4097820222377777,0.11854758113622665,-0.5909777283668518,0.9791821837425232,0.6405094265937805,0.09368719905614853,-0.6810125112533569,0.9653058052062988,0.40651068091392517,0.11287898570299149,-0.6524965763092041,0.9668203592300415,0.631104052066803,0.08128107339143753,-0.7016376852989197,0.9659278392791748,0.4177561104297638,0.10163276642560959,-0.6685478091239929,0.9672685861587524,0.6217672228813171,0.08579368144273758,-0.626390278339386,0.9542688727378845,0.42423582077026367,0.10417743027210236,-0.6069665551185608,0.9554755091667175,0.5480576753616333,0.3642246425151825,-0.013355677947402,0.9996394515037537,0.46922746300697327,0.36390846967697144,0.013520068489015102,0.9995946288108826,0.5499472618103027,0.5980717539787292,0.017414629459381104,0.991896390914917,0.46266916394233704,0.5970980525016785,0.03150099515914917,0.9934405088424683,0.5714477896690369,0.783790647983551,0.25411364436149597,0.9860702753067017,0.46061307191848755,0.802639901638031,0.2604774534702301,0.9926481246948242,0.5628201365470886,0.808517575263977,0.2667511999607086,0.9220556616783142,0.46867215633392334,0.8218309879302979,0.2734253406524658,0.9355509877204895,0.6036435961723328,0.851282000541687,0.08414839953184128,0.9754186868667603,0.44591233134269714,0.8742066621780396,0.09065160155296326,0.9843345880508423
